100 1.7700 1.0000 7.00 100 0.0001
200 1.4500 0.9980 7.00 200 0.0004
300 1.3200 0.9960 7.00 300 0.0007
400 1.3250 0.9940 7.00 400 0.0010
500 1.2660 0.9920 7.00 500 0.0014
600 1.2067 0.9900 7.00 600 0.0017
700 1.1900 0.9880 7.00 700 0.0020
800 1.2150 0.9860 7.00 800 0.0024
900 1.2467 0.9840 7.00 900 0.0027
1000 1.2800 0.9820 7.00 1000 0.0030
1100 1.1730 0.9800 7.00 1100 0.0033
1200 1.1650 0.9780 7.00 1200 0.0036
1300 1.1710 0.9760 7.00 1300 0.0040
1400 1.1610 0.9740 7.00 1400 0.0043
1500 1.1230 0.9720 7.00 1500 0.0046
1600 1.2260 0.9700 7.00 1600 0.0049
1700 1.2380 0.9680 7.00 1700 0.0053
1800 1.2440 0.9660 7.00 1800 0.0056
1900 1.2530 0.9639 7.00 1900 0.0059
2000 1.1940 0.9619 7.00 2000 0.0062
2100 1.2270 0.9599 7.00 2100 0.0066
2200 1.2070 0.9579 7.00 2200 0.0069
2300 1.2290 0.9559 7.00 2300 0.0072
2400 1.2990 0.9539 7.00 2400 0.0075
2500 1.3280 0.9519 7.00 2500 0.0078
2600 1.2060 0.9499 7.00 2600 0.0081
2700 1.2320 0.9479 7.00 2700 0.0085
2800 1.1970 0.9459 7.00 2800 0.0088
2900 1.1530 0.9439 7.00 2900 0.0091
3000 1.1470 0.9419 7.00 3000 0.0094
3100 1.2060 0.9399 7.00 3100 0.0097
3200 1.2100 0.9379 7.00 3200 0.0101
3300 1.1710 0.9359 7.00 3300 0.0104
3400 1.1900 0.9339 7.00 3400 0.0107
3500 1.2510 0.9319 7.00 3500 0.0110
3600 1.2630 0.9299 7.00 3600 0.0113
3700 1.2430 0.9279 7.00 3700 0.0116
3800 1.2690 0.9259 7.00 3800 0.0120
3900 1.2800 0.9239 7.00 3900 0.0123
4000 1.2260 0.9219 7.00 4000 0.0126
4100 1.1910 0.9199 7.00 4100 0.0129
4200 1.2650 0.9179 7.00 4200 0.0132
4300 1.3060 0.9159 7.00 4300 0.0135
4400 1.1710 0.9138 7.00 4400 0.0139
4500 1.1520 0.9118 7.00 4500 0.0142
4600 1.1660 0.9098 7.00 4600 0.0145
4700 1.1120 0.9078 7.00 4700 0.0149
4800 1.0110 0.9058 7.00 4800 0.0152
4900 0.9600 0.9038 7.00 4900 0.0155
5000 1.0440 0.9018 7.00 5000 0.0158
5100 1.0270 0.8998 7.00 5100 0.0162
5200 1.0360 0.8978 7.00 5200 0.0165
5300 1.0520 0.8958 7.00 5300 0.0168
5400 1.0780 0.8938 7.00 5400 0.0171
5500 1.1110 0.8918 7.00 5500 0.0174
5600 1.1740 0.8898 7.00 5600 0.0177
5700 1.2410 0.8878 7.00 5700 0.0181
5800 1.2610 0.8858 7.00 5800 0.0184
5900 1.2910 0.8838 7.00 5900 0.0187
6000 1.2860 0.8818 7.00 6000 0.0190
6100 1.2600 0.8798 7.00 6100 0.0193
6200 1.1770 0.8778 7.00 6200 0.0197
6300 1.2060 0.8758 7.00 6300 0.0200
6400 1.1840 0.8738 7.00 6400 0.0203
6500 1.1400 0.8718 7.00 6500 0.0207
6600 1.1790 0.8698 7.00 6600 0.0210
6700 1.1430 0.8678 7.00 6700 0.0213
6800 1.1380 0.8658 7.00 6800 0.0216
6900 1.1270 0.8637 7.00 6900 0.0220
7000 1.0940 0.8617 7.00 7000 0.0223
7100 1.0830 0.8597 7.00 7100 0.0226
7200 1.0380 0.8577 7.00 7200 0.0229
7300 0.9750 0.8557 7.00 7300 0.0233
7400 0.9930 0.8537 7.00 7400 0.0236
7500 0.9740 0.8517 7.00 7500 0.0239
7600 0.8470 0.8497 7.00 7600 0.0242
7700 0.8760 0.8477 7.00 7700 0.0245
7800 0.9030 0.8457 7.00 7800 0.0248
7900 0.8890 0.8437 7.00 7900 0.0252
8000 0.9330 0.8417 7.00 8000 0.0255
8100 0.9790 0.8397 7.00 8100 0.0258
8200 1.0280 0.8377 7.00 8200 0.0261
8300 1.0200 0.8357 7.00 8300 0.0264
8400 1.0750 0.8337 7.00 8400 0.0267
8500 1.0910 0.8317 7.00 8500 0.0271
8600 1.0570 0.8297 7.00 8600 0.0274
8700 1.0130 0.8277 7.00 8700 0.0277
8800 1.0310 0.8257 7.00 8800 0.0280
8900 1.0260 0.8237 7.00 8900 0.0284
9000 0.9860 0.8217 7.00 9000 0.0287
9100 0.9500 0.8197 7.00 9100 0.0290
9200 1.0090 0.8177 7.00 9200 0.0293
9300 1.0770 0.8157 7.00 9300 0.0296
9400 0.9540 0.8136 7.00 9400 0.0300
9500 1.0290 0.8116 7.00 9500 0.0303
9600 1.0930 0.8096 7.00 9600 0.0306
9700 1.0900 0.8076 7.00 9700 0.0309
9800 1.0700 0.8056 7.00 9800 0.0312
9900 1.1400 0.8036 7.00 9900 0.0315
10000 1.2000 0.8016 7.00 10000 0.0319
10100 1.1940 0.7996 7.00 10100 0.0322
10200 1.1670 0.7976 7.00 10200 0.0325
10300 1.1170 0.7956 7.00 10300 0.0329
10400 1.1790 0.7936 7.00 10400 0.0332
10500 1.0950 0.7916 7.00 10500 0.0335
10600 1.1570 0.7896 7.00 10600 0.0338
10700 1.2270 0.7876 7.00 10700 0.0341
10800 1.2550 0.7856 7.00 10800 0.0345
10900 1.2070 0.7836 7.00 10900 0.0348
11000 1.2210 0.7816 7.00 11000 0.0351
11100 1.2630 0.7796 7.00 11100 0.0354
11200 1.2130 0.7776 7.00 11200 0.0357
11300 1.2120 0.7756 7.00 11300 0.0361
11400 1.2590 0.7736 7.00 11400 0.0364
11500 1.2420 0.7716 7.00 11500 0.0367
11600 1.2690 0.7696 7.00 11600 0.0370
11700 1.2340 0.7676 7.00 11700 0.0373
11800 1.2390 0.7656 7.00 11800 0.0377
11900 1.2310 0.7635 7.00 11900 0.0380
12000 1.2070 0.7615 7.00 12000 0.0383
12100 1.2510 0.7595 7.00 12100 0.0386
12200 1.2670 0.7575 7.00 12200 0.0389
12300 1.2370 0.7555 7.00 12300 0.0393
12400 1.2140 0.7535 7.00 12400 0.0396
12500 1.2590 0.7515 7.00 12500 0.0399
12600 1.1340 0.7495 7.00 12600 0.0402
12700 1.1250 0.7475 7.00 12700 0.0406
12800 1.1600 0.7455 7.00 12800 0.0409
12900 1.1210 0.7435 7.00 12900 0.0412
13000 1.0380 0.7415 7.00 13000 0.0415
13100 1.0820 0.7395 7.00 13100 0.0418
13200 1.1620 0.7375 7.00 13200 0.0422
13300 1.1370 0.7355 7.00 13300 0.0425
13400 1.1390 0.7335 7.00 13400 0.0428
13500 1.1580 0.7315 7.00 13500 0.0431
13600 1.3190 0.7295 7.00 13600 0.0434
13700 1.2660 0.7275 7.00 13700 0.0437
13800 1.3600 0.7255 7.00 13800 0.0441
13900 1.5100 0.7235 7.00 13900 0.0444
14000 1.5230 0.7215 7.00 14000 0.0447
14100 1.4760 0.7195 7.00 14100 0.0457
14200 1.4530 0.7175 7.00 14200 0.0461
14300 1.5450 0.7155 7.00 14300 0.0465
14400 1.5350 0.7134 7.00 14400 0.0468
14500 1.5240 0.7114 7.00 14500 0.0471
14600 1.4830 0.7094 7.00 14600 0.0474
14700 1.5750 0.7074 7.00 14700 0.0477
14800 1.5110 0.7054 7.00 14800 0.0480
14900 1.4600 0.7034 7.00 14900 0.0483
15000 1.5410 0.7014 7.00 15000 0.0487
15100 1.5000 0.6994 7.00 15100 0.0490
15200 1.4550 0.6974 7.00 15200 0.0493
15300 1.4650 0.6954 7.00 15300 0.0496
15400 1.4840 0.6934 7.00 15400 0.0499
15500 1.4290 0.6914 7.00 15500 0.0502
15600 1.3500 0.6894 7.00 15600 0.0506
15700 1.3190 0.6874 7.00 15700 0.0509
15800 1.2050 0.6854 7.00 15800 0.0512
15900 1.1630 0.6834 7.00 15900 0.0515
16000 1.1080 0.6814 7.00 16000 0.0518
16100 1.0650 0.6794 7.00 16100 0.0521
16200 0.9980 0.6774 7.00 16200 0.0524
16300 0.9280 0.6754 7.00 16300 0.0527
16400 0.9440 0.6734 7.00 16400 0.0531
16500 0.9500 0.6714 7.00 16500 0.0534
16600 0.9680 0.6694 7.00 16600 0.0537
16700 0.9290 0.6674 7.00 16700 0.0540
16800 1.0200 0.6654 7.00 16800 0.0543
16900 1.0130 0.6633 7.00 16900 0.0546
17000 1.0810 0.6613 7.00 17000 0.0549
17100 1.1890 0.6593 7.00 17100 0.0552
17200 1.2160 0.6573 7.00 17200 0.0556
17300 1.1830 0.6553 7.00 17300 0.0559
17400 1.1760 0.6533 7.00 17400 0.0562
17500 1.1780 0.6513 7.00 17500 0.0565
17600 1.1500 0.6493 7.00 17600 0.0568
17700 1.1730 0.6473 7.00 17700 0.0571
17800 1.0930 0.6453 7.00 17800 0.0574
17900 1.0970 0.6433 7.00 17900 0.0577
18000 1.0090 0.6413 7.00 18000 0.0581
18100 0.9660 0.6393 7.00 18100 0.0584
18200 0.9920 0.6373 7.00 18200 0.0587
18300 1.0390 0.6353 7.00 18300 0.0590
18400 1.0310 0.6333 7.00 18400 0.0593
18500 1.0830 0.6313 7.00 18500 0.0596
18600 1.0310 0.6293 7.00 18600 0.0599
18700 1.0380 0.6273 7.00 18700 0.0603
18800 1.0620 0.6253 7.00 18800 0.0606
18900 1.0510 0.6233 7.00 18900 0.0609
19000 1.0780 0.6213 7.00 19000 0.0612
19100 1.0480 0.6193 7.00 19100 0.0615
19200 1.0390 0.6173 7.00 19200 0.0618
19300 1.0780 0.6153 7.00 19300 0.0621
19400 1.0430 0.6132 7.00 19400 0.0624
19500 1.0930 0.6112 7.00 19500 0.0628
19600 1.1470 0.6092 7.00 19600 0.0631
19700 1.1820 0.6072 7.00 19700 0.0634
19800 1.1430 0.6052 7.00 19800 0.0637
19900 1.2410 0.6032 7.00 19900 0.0640
20000 1.2200 0.6012 7.00 20000 0.0643
20100 1.2130 0.5992 7.00 20100 0.0646
20200 1.3210 0.5972 7.00 20200 0.0650
20300 1.3120 0.5952 7.00 20300 0.0653
20400 1.4360 0.5932 7.00 20400 0.0656
20500 1.2880 0.5912 7.00 20500 0.0659
20600 1.3230 0.5892 7.00 20600 0.0662
20700 1.4180 0.5872 7.00 20700 0.0665
20800 1.4230 0.5852 7.00 20800 0.0668
20900 1.3550 0.5832 7.00 20900 0.0671
21000 1.4520 0.5812 7.00 21000 0.0675
21100 1.5350 0.5792 7.00 21100 0.0678
21200 1.3920 0.5772 7.00 21200 0.0681
21300 1.3540 0.5752 7.00 21300 0.0684
21400 1.2600 0.5732 7.00 21400 0.0687
21500 1.2560 0.5712 7.00 21500 0.0690
21600 1.1690 0.5692 7.00 21600 0.0693
21700 1.0990 0.5672 7.00 21700 0.0696
21800 1.1460 0.5652 7.00 21800 0.0700
21900 1.2020 0.5631 7.00 21900 0.0703
22000 1.1360 0.5611 7.00 22000 0.0706
22100 1.0620 0.5591 7.00 22100 0.0709
22200 1.1390 0.5571 7.00 22200 0.0712
22300 1.0710 0.5551 7.00 22300 0.0715
22400 1.0360 0.5531 7.00 22400 0.0718
22500 1.1010 0.5511 7.00 22500 0.0722
22600 1.1790 0.5491 7.00 22600 0.0725
22700 1.2220 0.5471 7.00 22700 0.0728
22800 1.2810 0.5451 7.00 22800 0.0731
22900 1.3380 0.5431 7.00 22900 0.0734
23000 1.3310 0.5411 7.00 23000 0.0737
23100 1.4070 0.5391 7.00 23100 0.0740
23200 1.5060 0.5371 7.00 23200 0.0744
23300 1.6130 0.5351 7.00 23300 0.0747
23400 1.5900 0.5331 7.00 23400 0.0750
23500 1.6920 0.5311 7.00 23500 0.0753
23600 1.7210 0.5291 7.00 23600 0.0756
23700 1.5910 0.5271 7.00 23700 0.0759
23800 1.5460 0.5251 7.00 23800 0.0762
23900 1.4810 0.5231 7.00 23900 0.0765
24000 1.4890 0.5211 7.00 24000 0.0769
24100 1.3840 0.5191 7.00 24100 0.0772
24200 1.3460 0.5171 7.00 24200 0.0775
24300 1.4140 0.5151 7.00 24300 0.0778
24400 1.5410 0.5130 7.00 24400 0.0781
24500 1.4430 0.5110 7.00 24500 0.0784
24600 1.3960 0.5090 7.00 24600 0.0787
24700 1.3950 0.5070 7.00 24700 0.0791
24800 1.3340 0.5050 7.00 24800 0.0794
24900 1.3240 0.5030 7.00 24900 0.0797
25000 1.3810 0.5010 7.00 25000 0.0800
25100 1.4660 0.4990 7.00 25100 0.0803
25200 1.3860 0.4970 7.00 25200 0.0806
25300 1.2890 0.4950 7.00 25300 0.0809
25400 1.2610 0.4930 7.00 25400 0.0812
25500 1.1900 0.4910 7.00 25500 0.0816
25600 1.2700 0.4890 7.00 25600 0.0819
25700 1.3580 0.4870 7.00 25700 0.0822
25800 1.4590 0.4850 7.00 25800 0.0825
25900 1.3390 0.4830 7.00 25900 0.0828
26000 1.3460 0.4810 7.00 26000 0.0831
26100 1.3070 0.4790 7.00 26100 0.0834
26200 1.3140 0.4770 7.00 26200 0.0838
26300 1.3900 0.4750 7.00 26300 0.0841
26400 1.3950 0.4730 7.00 26400 0.0844
26500 1.4280 0.4710 7.00 26500 0.0847
26600 1.3370 0.4690 7.00 26600 0.0850
26700 1.2760 0.4670 7.00 26700 0.0853
26800 1.2710 0.4649 7.00 26800 0.0856
26900 1.3840 0.4629 7.00 26900 0.0860
27000 1.3050 0.4609 7.00 27000 0.0863
27100 1.3460 0.4589 7.00 27100 0.0866
27200 1.4540 0.4569 7.00 27200 0.0869
27300 1.3720 0.4549 7.00 27300 0.0872
27400 1.3260 0.4529 7.00 27400 0.0875
27500 1.3920 0.4509 7.00 27500 0.0878
27600 1.5530 0.4489 7.00 27600 0.0882
27700 1.5240 0.4469 7.00 27700 0.0885
27800 1.5570 0.4449 7.00 27800 0.0888
27900 1.6200 0.4429 7.00 27900 0.0891
28000 1.5910 0.4409 7.00 28000 0.0894
28100 1.6770 0.4389 7.00 28100 0.0897
28200 1.6490 0.4369 7.00 28200 0.0900
28300 1.6960 0.4349 7.00 28300 0.0903
28400 1.6370 0.4329 7.00 28400 0.0907
28500 1.5630 0.4309 7.00 28500 0.0910
28600 1.4360 0.4289 7.00 28600 0.0913
28700 1.5070 0.4269 7.00 28700 0.0916
28800 1.4080 0.4249 7.00 28800 0.0919
28900 1.3650 0.4229 7.00 28900 0.0922
29000 1.5380 0.4209 7.00 29000 0.0925
29100 1.3900 0.4189 7.00 29100 0.0928
29200 1.4580 0.4169 7.00 29200 0.0932
29300 1.5230 0.4148 7.00 29300 0.0935
29400 1.6810 0.4128 7.00 29400 0.0938
29500 1.7190 0.4108 7.00 29500 0.0941
29600 1.7390 0.4088 7.00 29600 0.0944
29700 1.7760 0.4068 7.00 29700 0.0947
29800 1.8430 0.4048 7.00 29800 0.0950
29900 1.8310 0.4028 7.00 29900 0.0954
30000 1.7550 0.4008 7.00 30000 0.0957
30100 1.7960 0.3988 7.00 30100 0.0960
30200 1.6690 0.3968 7.00 30200 0.0963
30300 1.7320 0.3948 7.00 30300 0.0966
30400 1.8000 0.3928 7.00 30400 0.0969
30500 1.7680 0.3908 7.00 30500 0.0972
30600 1.7040 0.3888 7.00 30600 0.0976
30700 1.6640 0.3868 7.00 30700 0.0979
30800 1.7890 0.3848 7.00 30800 0.0982
30900 1.7740 0.3828 7.00 30900 0.0985
31000 1.8580 0.3808 7.00 31000 0.0988
31100 1.9320 0.3788 7.00 31100 0.0991
31200 1.9590 0.3768 7.00 31200 0.0994
31300 1.7710 0.3748 7.00 31300 0.0998
31400 1.8010 0.3728 7.00 31400 0.1001
31500 1.9850 0.3708 7.00 31500 0.1004
31600 2.0300 0.3688 7.00 31600 0.1007
31700 1.9760 0.3668 7.00 31700 0.1010
31800 1.8400 0.3647 7.00 31800 0.1013
31900 1.8010 0.3627 7.00 31900 0.1016
32000 1.6780 0.3607 7.00 32000 0.1020
32100 1.7250 0.3587 7.00 32100 0.1023
32200 1.7610 0.3567 7.00 32200 0.1026
32300 1.7430 0.3547 7.00 32300 0.1029
32400 1.4930 0.3527 7.00 32400 0.1032
32500 1.3620 0.3507 7.00 32500 0.1035
32600 1.2800 0.3487 7.00 32600 0.1038
32700 1.3030 0.3467 7.00 32700 0.1042
32800 1.3210 0.3447 7.00 32800 0.1045
32900 1.3120 0.3427 7.00 32900 0.1048
33000 1.3590 0.3407 7.00 33000 0.1051
33100 1.1150 0.3387 7.00 33100 0.1054
33200 1.2050 0.3367 7.00 33200 0.1057
33300 1.3280 0.3347 7.00 33300 0.1060
33400 1.3790 0.3327 7.00 33400 0.1063
33500 1.5230 0.3307 7.00 33500 0.1067
33600 1.7320 0.3287 7.00 33600 0.1070
33700 1.7830 0.3267 7.00 33700 0.1073
33800 1.7150 0.3247 7.00 33800 0.1076
33900 1.7160 0.3227 7.00 33900 0.1079
34000 1.7210 0.3207 7.00 34000 0.1082
34100 1.8030 0.3187 7.00 34100 0.1085
34200 1.6090 0.3167 7.00 34200 0.1089
34300 1.6100 0.3146 7.00 34300 0.1092
34400 1.7430 0.3126 7.00 34400 0.1095
34500 1.5450 0.3106 7.00 34500 0.1098
34600 1.3880 0.3086 7.00 34600 0.1101
34700 1.4710 0.3066 7.00 34700 0.1104
34800 1.5030 0.3046 7.00 34800 0.1107
34900 1.4840 0.3026 7.00 34900 0.1110
35000 1.5390 0.3006 7.00 35000 0.1114
35100 1.5960 0.2986 7.00 35100 0.1117
35200 1.6020 0.2966 7.00 35200 0.1120
35300 1.5260 0.2946 7.00 35300 0.1123
35400 1.3490 0.2926 7.00 35400 0.1126
35500 1.5360 0.2906 7.00 35500 0.1129
35600 1.5670 0.2886 7.00 35600 0.1132
35700 1.5860 0.2866 7.00 35700 0.1136
35800 1.7060 0.2846 7.00 35800 0.1139
35900 1.7460 0.2826 7.00 35900 0.1142
36000 1.7160 0.2806 7.00 36000 0.1145
36100 1.7950 0.2786 7.00 36100 0.1148
36200 1.9780 0.2766 7.00 36200 0.1151
36300 1.9580 0.2746 7.00 36300 0.1154
36400 1.9630 0.2726 7.00 36400 0.1158
36500 1.8840 0.2706 7.00 36500 0.1161
36600 1.9110 0.2686 7.00 36600 0.1164
36700 1.8810 0.2666 7.00 36700 0.1167
36800 1.8680 0.2645 7.00 36800 0.1170
36900 1.9390 0.2625 7.00 36900 0.1173
37000 1.9010 0.2605 7.00 37000 0.1176
37100 1.7720 0.2585 7.00 37100 0.1180
37200 1.6690 0.2565 7.00 37200 0.1183
37300 1.7900 0.2545 7.00 37300 0.1186
37400 1.8010 0.2525 7.00 37400 0.1189
37500 1.9370 0.2505 7.00 37500 0.1192
37600 2.0510 0.2485 7.00 37600 0.1195
37700 1.9890 0.2465 7.00 37700 0.1198
37800 1.9790 0.2445 7.00 37800 0.1202
37900 1.9920 0.2425 7.00 37900 0.1205
38000 2.0220 0.2405 7.00 38000 0.1208
38100 1.9940 0.2385 7.00 38100 0.1211
38200 2.0580 0.2365 7.00 38200 0.1214
38300 1.9640 0.2345 7.00 38300 0.1217
38400 2.0230 0.2325 7.00 38400 0.1220
38500 1.9670 0.2305 7.00 38500 0.1224
38600 1.9410 0.2285 7.00 38600 0.1227
38700 2.0490 0.2265 7.00 38700 0.1230
38800 2.0260 0.2245 7.00 38800 0.1233
38900 2.0390 0.2225 7.00 38900 0.1236
39000 2.1170 0.2205 7.00 39000 0.1239
39100 2.2800 0.2185 7.00 39100 0.1242
39200 2.1750 0.2165 7.00 39200 0.1246
39300 2.4040 0.2144 7.00 39300 0.1249
39400 2.4490 0.2124 7.00 39400 0.1252
39500 2.3280 0.2104 7.00 39500 0.1255
39600 2.3260 0.2084 7.00 39600 0.1258
39700 2.2520 0.2064 7.00 39700 0.1261
39800 2.3030 0.2044 7.00 39800 0.1264
39900 2.1720 0.2024 7.00 39900 0.1268
40000 2.1020 0.2004 7.00 40000 0.1271
40100 2.0740 0.1984 7.00 40100 0.1274
40200 2.1290 0.1964 7.00 40200 0.1277
40300 2.0540 0.1944 7.00 40300 0.1280
40400 2.1240 0.1924 7.00 40400 0.1283
40500 2.1560 0.1904 7.00 40500 0.1287
40600 2.0760 0.1884 7.00 40600 0.1290
40700 2.1140 0.1864 7.00 40700 0.1293
40800 2.1360 0.1844 7.00 40800 0.1296
40900 2.2590 0.1824 7.00 40900 0.1299
41000 2.1970 0.1804 7.00 41000 0.1302
41100 2.1700 0.1784 7.00 41100 0.1305
41200 2.2110 0.1764 7.00 41200 0.1309
41300 2.0160 0.1744 7.00 41300 0.1312
41400 1.9700 0.1724 7.00 41400 0.1315
41500 1.9360 0.1704 7.00 41500 0.1318
41600 2.1210 0.1684 7.00 41600 0.1321
41700 2.0000 0.1664 7.00 41700 0.1324
41800 1.8780 0.1643 7.00 41800 0.1327
41900 1.9470 0.1623 7.00 41900 0.1331
42000 1.9940 0.1603 7.00 42000 0.1334
42100 2.0060 0.1583 7.00 42100 0.1337
42200 2.0020 0.1563 7.00 42200 0.1340
42300 2.1590 0.1543 7.00 42300 0.1343
42400 2.0850 0.1523 7.00 42400 0.1346
42500 2.2550 0.1503 7.00 42500 0.1350
42600 2.2350 0.1483 7.00 42600 0.1353
42700 2.2870 0.1463 7.00 42700 0.1356
42800 2.3170 0.1443 7.00 42800 0.1359
42900 2.3930 0.1423 7.00 42900 0.1362
43000 2.5190 0.1403 7.00 43000 0.1365
43100 2.5200 0.1383 7.00 43100 0.1368
43200 2.6220 0.1363 7.00 43200 0.1372
43300 2.6520 0.1343 7.00 43300 0.1375
43400 2.7450 0.1323 7.00 43400 0.1378
43500 2.5020 0.1303 7.00 43500 0.1381
43600 2.5770 0.1283 7.00 43600 0.1384
43700 2.7290 0.1263 7.00 43700 0.1387
43800 2.7300 0.1243 7.00 43800 0.1390
43900 2.6050 0.1223 7.00 43900 0.1394
44000 2.6150 0.1203 7.00 44000 0.1397
44100 2.6590 0.1183 7.00 44100 0.1400
44200 2.4590 0.1163 7.00 44200 0.1403
44300 2.4640 0.1142 7.00 44300 0.1406
44400 2.4970 0.1122 7.00 44400 0.1409
44500 2.6400 0.1102 7.00 44500 0.1412
44600 2.5190 0.1082 7.00 44600 0.1416
44700 2.4490 0.1062 7.00 44700 0.1419
44800 2.5780 0.1042 7.00 44800 0.1422
44900 2.6090 0.1022 7.00 44900 0.1425
45000 2.5720 0.1002 7.00 45000 0.1428
45100 2.6050 0.0982 7.00 45100 0.1431
45200 2.8070 0.0962 7.00 45200 0.1435
45300 2.6160 0.0942 7.00 45300 0.1438
45400 2.7870 0.0922 7.00 45400 0.1441
45500 2.8770 0.0902 7.00 45500 0.1444
45600 2.7880 0.0882 7.00 45600 0.1447
45700 2.6980 0.0862 7.00 45700 0.1450
45800 2.6150 0.0842 7.00 45800 0.1453
45900 2.6990 0.0822 7.00 45900 0.1457
46000 2.5530 0.0802 7.00 46000 0.1460
46100 2.5940 0.0782 7.00 46100 0.1463
46200 2.5450 0.0762 7.00 46200 0.1466
46300 2.5270 0.0742 7.00 46300 0.1469
46400 2.2890 0.0722 7.00 46400 0.1472
46500 2.1960 0.0702 7.00 46500 0.1475
46600 2.2600 0.0682 7.00 46600 0.1479
46700 2.3140 0.0662 7.00 46700 0.1482
46800 2.3490 0.0641 7.00 46800 0.1485
46900 2.2890 0.0621 7.00 46900 0.1488
47000 2.3650 0.0601 7.00 47000 0.1491
47100 2.2070 0.0581 7.00 47100 0.1494
47200 2.3080 0.0561 7.00 47200 0.1498
47300 2.5500 0.0541 7.00 47300 0.1501
47400 2.4790 0.0521 7.00 47400 0.1504
47500 2.6110 0.0501 7.00 47500 0.1507
47600 2.6480 0.0481 7.00 47600 0.1510
47700 2.7620 0.0461 7.00 47700 0.1513
47800 2.6790 0.0441 7.00 47800 0.1517
47900 2.7020 0.0421 7.00 47900 0.1520
48000 2.7790 0.0401 7.00 48000 0.1523
48100 2.7440 0.0381 7.00 48100 0.1526
48200 2.5210 0.0361 7.00 48200 0.1529
48300 2.4700 0.0341 7.00 48300 0.1532
48400 2.5860 0.0321 7.00 48400 0.1536
48500 2.4620 0.0301 7.00 48500 0.1539
48600 2.4390 0.0281 7.00 48600 0.1542
48700 2.4120 0.0261 7.00 48700 0.1545
48800 2.5510 0.0241 7.00 48800 0.1548
48900 2.4190 0.0221 7.00 48900 0.1551
49000 2.3880 0.0201 7.00 49000 0.1554
49100 2.5030 0.0181 7.00 49100 0.1558
49200 2.5470 0.0161 7.00 49200 0.1561
49300 2.5470 0.0140 7.00 49300 0.1564
49400 2.5270 0.0120 7.00 49400 0.1567
49500 2.6600 0.0100 7.00 49500 0.1570
49600 2.5400 0.0080 7.00 49600 0.1573
49700 2.6530 0.0060 7.00 49700 0.1577
49800 2.6740 0.0040 7.00 49800 0.1580
49900 2.7050 0.0020 7.00 49900 0.1583
50000 2.7360 0.0001 7.00 50000 0.1586
50100 2.7890 0.0001 7.00 50100 0.1589
50200 2.8610 0.0001 7.00 50200 0.1592
50300 2.8050 0.0001 7.00 50300 0.1596
50400 2.9130 0.0001 7.00 50400 0.1599
50500 2.8740 0.0001 7.00 50500 0.1602
50600 2.9420 0.0001 7.00 50600 0.1605
50700 2.7930 0.0001 7.00 50700 0.1608
50800 2.6500 0.0001 7.00 50800 0.1611
50900 2.7470 0.0001 7.00 50900 0.1615
51000 2.6440 0.0001 7.00 51000 0.1618
51100 2.6960 0.0001 7.00 51100 0.1621
51200 2.7510 0.0001 7.00 51200 0.1624
51300 2.8760 0.0001 7.00 51300 0.1627
51400 2.6850 0.0001 7.00 51400 0.1630
51500 2.7180 0.0001 7.00 51500 0.1633
51600 2.8140 0.0001 7.00 51600 0.1637
51700 2.7540 0.0001 7.00 51700 0.1640
51800 2.8360 0.0001 7.00 51800 0.1643
51900 2.8510 0.0001 7.00 51900 0.1646
52000 2.9680 0.0001 7.00 52000 0.1649
52100 2.8290 0.0001 7.00 52100 0.1652
52200 2.8530 0.0001 7.00 52200 0.1656
52300 2.9170 0.0001 7.00 52300 0.1659
52400 3.0430 0.0001 7.00 52400 0.1662
52500 3.0060 0.0001 7.00 52500 0.1665
52600 3.0000 0.0001 7.00 52600 0.1668
52700 3.1120 0.0001 7.00 52700 0.1671
52800 3.1150 0.0001 7.00 52800 0.1675
52900 3.0860 0.0001 7.00 52900 0.1678
53000 3.1590 0.0001 7.00 53000 0.1681
53100 3.2690 0.0001 7.00 53100 0.1684
53200 3.0860 0.0001 7.00 53200 0.1687
53300 3.0470 0.0001 7.00 53300 0.1690
53400 3.0850 0.0001 7.00 53400 0.1694
53500 2.9490 0.0001 7.00 53500 0.1697
53600 2.9750 0.0001 7.00 53600 0.1700
53700 2.9460 0.0001 7.00 53700 0.1703
53800 2.9910 0.0001 7.00 53800 0.1706
53900 2.8280 0.0001 7.00 53900 0.1709
54000 2.8260 0.0001 7.00 54000 0.1713
54100 2.8270 0.0001 7.00 54100 0.1716
54200 2.9220 0.0001 7.00 54200 0.1719
54300 2.8390 0.0001 7.00 54300 0.1722
54400 2.9320 0.0001 7.00 54400 0.1725
54500 2.9340 0.0001 7.00 54500 0.1728
54600 2.8640 0.0001 7.00 54600 0.1731
54700 2.8830 0.0001 7.00 54700 0.1735
54800 2.9320 0.0001 7.00 54800 0.1738
54900 3.1280 0.0001 7.00 54900 0.1741
55000 2.9440 0.0001 7.00 55000 0.1744
55100 3.0020 0.0001 7.00 55100 0.1747
55200 3.0560 0.0001 7.00 55200 0.1751
55300 2.9480 0.0001 7.00 55300 0.1754
55400 2.8720 0.0001 7.00 55400 0.1757
55500 2.9740 0.0001 7.00 55500 0.1760
55600 3.0470 0.0001 7.00 55600 0.1763
55700 2.9040 0.0001 7.00 55700 0.1766
55800 2.9050 0.0001 7.00 55800 0.1769
55900 2.9190 0.0001 7.00 55900 0.1773
56000 2.8930 0.0001 7.00 56000 0.1776
56100 2.8390 0.0001 7.00 56100 0.1779
56200 2.8810 0.0001 7.00 56200 0.1782
56300 3.0510 0.0001 7.00 56300 0.1785
56400 2.9240 0.0001 7.00 56400 0.1789
56500 2.9600 0.0001 7.00 56500 0.1792
56600 3.0830 0.0001 7.00 56600 0.1795
56700 3.1450 0.0001 7.00 56700 0.1798
56800 2.9700 0.0001 7.00 56800 0.1801
56900 2.9510 0.0001 7.00 56900 0.1804
57000 3.1210 0.0001 7.00 57000 0.1808
57100 2.9670 0.0001 7.00 57100 0.1811
57200 2.9170 0.0001 7.00 57200 0.1814
57300 2.8920 0.0001 7.00 57300 0.1817
57400 3.0600 0.0001 7.00 57400 0.1820
57500 2.9320 0.0001 7.00 57500 0.1824
57600 2.8660 0.0001 7.00 57600 0.1827
57700 2.9890 0.0001 7.00 57700 0.1830
57800 2.9890 0.0001 7.00 57800 0.1833
57900 2.9700 0.0001 7.00 57900 0.1836
58000 2.9500 0.0001 7.00 58000 0.1839
58100 3.0550 0.0001 7.00 58100 0.1843
58200 2.9450 0.0001 7.00 58200 0.1846
58300 2.9500 0.0001 7.00 58300 0.1849
58400 2.9080 0.0001 7.00 58400 0.1852
58500 2.9800 0.0001 7.00 58500 0.1855
58600 2.8310 0.0001 7.00 58600 0.1858
58700 2.7450 0.0001 7.00 58700 0.1862
58800 2.7840 0.0001 7.00 58800 0.1865
58900 2.7230 0.0001 7.00 58900 0.1868
59000 2.6740 0.0001 7.00 59000 0.1871
59100 2.6540 0.0001 7.00 59100 0.1874
59200 2.7970 0.0001 7.00 59200 0.1878
59300 2.6100 0.0001 7.00 59300 0.1881
59400 2.6520 0.0001 7.00 59400 0.1884
59500 2.7280 0.0001 7.00 59500 0.1887
59600 2.6840 0.0001 7.00 59600 0.1890
59700 2.7250 0.0001 7.00 59700 0.1893
59800 2.8170 0.0001 7.00 59800 0.1896
59900 2.8590 0.0001 7.00 59900 0.1900
60000 2.7560 0.0001 7.00 60000 0.1903
60100 2.8060 0.0001 7.00 60100 0.1906
60200 2.8250 0.0001 7.00 60200 0.1909
60300 2.9430 0.0001 7.00 60300 0.1912
60400 2.8430 0.0001 7.00 60400 0.1915
60500 2.7710 0.0001 7.00 60500 0.1919
60600 2.7570 0.0001 7.00 60600 0.1922
60700 2.6940 0.0001 7.00 60700 0.1925
60800 2.6160 0.0001 7.00 60800 0.1928
60900 2.6750 0.0001 7.00 60900 0.1931
61000 2.8270 0.0001 7.00 61000 0.1934
61100 2.6560 0.0001 7.00 61100 0.1938
61200 2.6690 0.0001 7.00 61200 0.1941
61300 2.7260 0.0001 7.00 61300 0.1944
61400 2.6100 0.0001 7.00 61400 0.1947
61500 2.6890 0.0001 7.00 61500 0.1950
61600 2.8450 0.0001 7.00 61600 0.1953
61700 2.9540 0.0001 7.00 61700 0.1957
61800 2.8540 0.0001 7.00 61800 0.1960
61900 2.8440 0.0001 7.00 61900 0.1963
62000 2.9060 0.0001 7.00 62000 0.1966
62100 2.9590 0.0001 7.00 62100 0.1969
62200 2.8110 0.0001 7.00 62200 0.1972
62300 2.7840 0.0001 7.00 62300 0.1976
62400 2.8840 0.0001 7.00 62400 0.1979
62500 2.7690 0.0001 7.00 62500 0.1982
62600 2.6790 0.0001 7.00 62600 0.1985
62700 2.6540 0.0001 7.00 62700 0.1988
62800 2.7910 0.0001 7.00 62800 0.1991
62900 2.6240 0.0001 7.00 62900 0.1995
63000 2.5820 0.0001 7.00 63000 0.1998
63100 2.6830 0.0001 7.00 63100 0.2001
63200 2.6100 0.0001 7.00 63200 0.2004
63300 2.6130 0.0001 7.00 63300 0.2007
63400 2.6490 0.0001 7.00 63400 0.2010
63500 2.7790 0.0001 7.00 63500 0.2014
63600 2.6610 0.0001 7.00 63600 0.2017
63700 2.7200 0.0001 7.00 63700 0.2020
63800 2.7860 0.0001 7.00 63800 0.2023
63900 2.8190 0.0001 7.00 63900 0.2026
64000 2.7800 0.0001 7.00 64000 0.2030
64100 2.8230 0.0001 7.00 64100 0.2033
64200 2.9680 0.0001 7.00 64200 0.2036
64300 2.9010 0.0001 7.00 64300 0.2039
64400 2.9280 0.0001 7.00 64400 0.2042
64500 2.9320 0.0001 7.00 64500 0.2046
64600 3.0300 0.0001 7.00 64600 0.2049
64700 2.8070 0.0001 7.00 64700 0.2052
64800 2.8130 0.0001 7.00 64800 0.2055
64900 2.9070 0.0001 7.00 64900 0.2058
65000 2.7670 0.0001 7.00 65000 0.2062
65100 2.7670 0.0001 7.00 65100 0.2065
65200 2.7540 0.0001 7.00 65200 0.2068
65300 2.8700 0.0001 7.00 65300 0.2071
65400 2.6600 0.0001 7.00 65400 0.2074
65500 2.7060 0.0001 7.00 65500 0.2077
65600 2.8240 0.0001 7.00 65600 0.2081
65700 2.8040 0.0001 7.00 65700 0.2084
65800 2.7250 0.0001 7.00 65800 0.2087
65900 2.7410 0.0001 7.00 65900 0.2090
66000 2.8890 0.0001 7.00 66000 0.2093
66100 2.7070 0.0001 7.00 66100 0.2097
66200 2.7460 0.0001 7.00 66200 0.2100
66300 2.7720 0.0001 7.00 66300 0.2103
66400 2.8710 0.0001 7.00 66400 0.2106
66500 2.7040 0.0001 7.00 66500 0.2109
66600 2.6210 0.0001 7.00 66600 0.2112
66700 2.7560 0.0001 7.00 66700 0.2115
66800 2.6780 0.0001 7.00 66800 0.2119
66900 2.6300 0.0001 7.00 66900 0.2122
67000 2.7040 0.0001 7.00 67000 0.2125
67100 2.8470 0.0001 7.00 67100 0.2128
67200 2.6780 0.0001 7.00 67200 0.2131
67300 2.6800 0.0001 7.00 67300 0.2134
67400 2.7940 0.0001 7.00 67400 0.2137
67500 2.7380 0.0001 7.00 67500 0.2141
67600 2.7260 0.0001 7.00 67600 0.2144
67700 2.7130 0.0001 7.00 67700 0.2147
67800 2.8460 0.0001 7.00 67800 0.2150
67900 2.6990 0.0001 7.00 67900 0.2153
68000 2.6280 0.0001 7.00 68000 0.2156
68100 2.6700 0.0001 7.00 68100 0.2159
68200 2.7170 0.0001 7.00 68200 0.2163
68300 2.5890 0.0001 7.00 68300 0.2166
68400 2.5940 0.0001 7.00 68400 0.2169
68500 2.7070 0.0001 7.00 68500 0.2172
68600 2.6510 0.0001 7.00 68600 0.2175
68700 2.6250 0.0001 7.00 68700 0.2178
68800 2.5870 0.0001 7.00 68800 0.2181
68900 2.7550 0.0001 7.00 68900 0.2185
69000 2.5940 0.0001 7.00 69000 0.2188
69100 2.5820 0.0001 7.00 69100 0.2191
69200 2.6940 0.0001 7.00 69200 0.2194
69300 2.5620 0.0001 7.00 69300 0.2197
69400 2.5550 0.0001 7.00 69400 0.2200
69500 2.5050 0.0001 7.00 69500 0.2203
69600 2.6470 0.0001 7.00 69600 0.2206
69700 2.5160 0.0001 7.00 69700 0.2210
69800 2.6250 0.0001 7.00 69800 0.2213
69900 2.7030 0.0001 7.00 69900 0.2216
70000 2.7800 0.0001 7.00 70000 0.2219
70100 2.6960 0.0001 7.00 70100 0.2222
70200 2.7180 0.0001 7.00 70200 0.2225
70300 2.9140 0.0001 7.00 70300 0.2228
70400 2.7200 0.0001 7.00 70400 0.2232
70500 2.7530 0.0001 7.00 70500 0.2235
70600 2.7470 0.0001 7.00 70600 0.2238
70700 2.8550 0.0001 7.00 70700 0.2241
70800 2.5450 0.0001 7.00 70800 0.2244
70900 2.5300 0.0001 7.00 70900 0.2247
71000 2.6520 0.0001 7.00 71000 0.2250
71100 2.5590 0.0001 7.00 71100 0.2254
71200 2.4860 0.0001 7.00 71200 0.2257
71300 2.4730 0.0001 7.00 71300 0.2260
71400 2.6640 0.0001 7.00 71400 0.2263
71500 2.5410 0.0001 7.00 71500 0.2266
71600 2.6070 0.0001 7.00 71600 0.2269
71700 2.6610 0.0001 7.00 71700 0.2272
71800 2.7250 0.0001 7.00 71800 0.2276
71900 2.6650 0.0001 7.00 71900 0.2279
72000 2.5830 0.0001 7.00 72000 0.2282
72100 2.6970 0.0001 7.00 72100 0.2285
72200 2.5580 0.0001 7.00 72200 0.2288
72300 2.5350 0.0001 7.00 72300 0.2291
72400 2.5360 0.0001 7.00 72400 0.2294
72500 2.5820 0.0001 7.00 72500 0.2297
72600 2.4260 0.0001 7.00 72600 0.2301
72700 2.3420 0.0001 7.00 72700 0.2304
72800 2.3610 0.0001 7.00 72800 0.2307
72900 2.3350 0.0001 7.00 72900 0.2310
73000 2.3690 0.0001 7.00 73000 0.2313
73100 2.4260 0.0001 7.00 73100 0.2316
73200 2.6650 0.0001 7.00 73200 0.2319
73300 2.5320 0.0001 7.00 73300 0.2323
73400 2.6390 0.0001 7.00 73400 0.2326
73500 2.7830 0.0001 7.00 73500 0.2329
73600 2.6990 0.0001 7.00 73600 0.2332
73700 2.8060 0.0001 7.00 73700 0.2335
73800 2.9400 0.0001 7.00 73800 0.2338
73900 2.9600 0.0001 7.00 73900 0.2341
74000 2.7870 0.0001 7.00 74000 0.2345
74100 2.7490 0.0001 7.00 74100 0.2348
74200 2.7150 0.0001 7.00 74200 0.2351
74300 2.8210 0.0001 7.00 74300 0.2354
74400 2.6430 0.0001 7.00 74400 0.2357
74500 2.5660 0.0001 7.00 74500 0.2360
74600 2.6160 0.0001 7.00 74600 0.2363
74700 2.5390 0.0001 7.00 74700 0.2366
74800 2.5230 0.0001 7.00 74800 0.2370
74900 2.6310 0.0001 7.00 74900 0.2373
75000 2.7860 0.0001 7.00 75000 0.2376
75100 2.6680 0.0001 7.00 75100 0.2379
75200 2.6700 0.0001 7.00 75200 0.2382
75300 2.7580 0.0001 7.00 75300 0.2385
75400 2.6910 0.0001 7.00 75400 0.2389
75500 2.7300 0.0001 7.00 75500 0.2392
75600 2.8690 0.0001 7.00 75600 0.2395
75700 3.0090 0.0001 7.00 75700 0.2398
75800 2.8290 0.0001 7.00 75800 0.2401
75900 2.8260 0.0001 7.00 75900 0.2404
76000 2.8680 0.0001 7.00 76000 0.2407
76100 2.9070 0.0001 7.00 76100 0.2411
76200 2.8070 0.0001 7.00 76200 0.2414
76300 2.8010 0.0001 7.00 76300 0.2417
76400 2.8350 0.0001 7.00 76400 0.2420
76500 2.7120 0.0001 7.00 76500 0.2423
76600 2.5870 0.0001 7.00 76600 0.2426
76700 2.5260 0.0001 7.00 76700 0.2429
76800 2.6630 0.0001 7.00 76800 0.2433
76900 2.4260 0.0001 7.00 76900 0.2436
77000 2.5120 0.0001 7.00 77000 0.2439
77100 2.6490 0.0001 7.00 77100 0.2442
77200 2.5910 0.0001 7.00 77200 0.2445
77300 2.5340 0.0001 7.00 77300 0.2448
77400 2.5920 0.0001 7.00 77400 0.2451
77500 2.7120 0.0001 7.00 77500 0.2454
77600 2.5950 0.0001 7.00 77600 0.2458
77700 2.6610 0.0001 7.00 77700 0.2461
77800 2.7270 0.0001 7.00 77800 0.2464
77900 2.7670 0.0001 7.00 77900 0.2467
78000 2.5480 0.0001 7.00 78000 0.2470
78100 2.5220 0.0001 7.00 78100 0.2473
78200 2.6840 0.0001 7.00 78200 0.2476
78300 2.5670 0.0001 7.00 78300 0.2480
78400 2.6350 0.0001 7.00 78400 0.2483
78500 2.6800 0.0001 7.00 78500 0.2486
78600 2.7890 0.0001 7.00 78600 0.2489
78700 2.6240 0.0001 7.00 78700 0.2492
78800 2.5980 0.0001 7.00 78800 0.2495
78900 2.7640 0.0001 7.00 78900 0.2498
79000 2.7270 0.0001 7.00 79000 0.2502
79100 2.7010 0.0001 7.00 79100 0.2505
79200 2.6540 0.0001 7.00 79200 0.2508
79300 2.8300 0.0001 7.00 79300 0.2511
79400 2.5760 0.0001 7.00 79400 0.2514
79500 2.6460 0.0001 7.00 79500 0.2517
79600 2.7400 0.0001 7.00 79600 0.2520
79700 2.6880 0.0001 7.00 79700 0.2524
79800 2.6870 0.0001 7.00 79800 0.2527
79900 2.6370 0.0001 7.00 79900 0.2530
80000 2.8030 0.0001 7.00 80000 0.2533
80100 2.6970 0.0001 7.00 80100 0.2536
80200 2.7000 0.0001 7.00 80200 0.2539
80300 2.7060 0.0001 7.00 80300 0.2542
80400 2.8140 0.0001 7.00 80400 0.2545
80500 2.6170 0.0001 7.00 80500 0.2549
80600 2.5080 0.0001 7.00 80600 0.2552
80700 2.6510 0.0001 7.00 80700 0.2555
80800 2.5080 0.0001 7.00 80800 0.2558
80900 2.5000 0.0001 7.00 80900 0.2561
81000 2.5200 0.0001 7.00 81000 0.2564
81100 2.7050 0.0001 7.00 81100 0.2567
81200 2.5140 0.0001 7.00 81200 0.2570
81300 2.6380 0.0001 7.00 81300 0.2574
81400 2.8070 0.0001 7.00 81400 0.2577
81500 2.7560 0.0001 7.00 81500 0.2580
81600 2.7790 0.0001 7.00 81600 0.2583
81700 2.8420 0.0001 7.00 81700 0.2586
81800 3.0560 0.0001 7.00 81800 0.2589
81900 2.9210 0.0001 7.00 81900 0.2592
82000 2.9550 0.0001 7.00 82000 0.2595
82100 2.9480 0.0001 7.00 82100 0.2599
82200 3.0600 0.0001 7.00 82200 0.2602
82300 2.8740 0.0001 7.00 82300 0.2605
82400 2.8510 0.0001 7.00 82400 0.2608
82500 2.9790 0.0001 7.00 82500 0.2611
82600 3.0230 0.0001 7.00 82600 0.2614
82700 2.9570 0.0001 7.00 82700 0.2617
82800 2.9210 0.0001 7.00 82800 0.2621
82900 3.0520 0.0001 7.00 82900 0.2624
83000 2.8400 0.0001 7.00 83000 0.2627
83100 2.8390 0.0001 7.00 83100 0.2630
83200 2.9510 0.0001 7.00 83200 0.2633
83300 2.8690 0.0001 7.00 83300 0.2636
83400 2.8610 0.0001 7.00 83400 0.2639
83500 2.8870 0.0001 7.00 83500 0.2642
83600 2.9800 0.0001 7.00 83600 0.2646
83700 2.8240 0.0001 7.00 83700 0.2649
83800 2.8590 0.0001 7.00 83800 0.2652
83900 2.9650 0.0001 7.00 83900 0.2655
84000 2.9940 0.0001 7.00 84000 0.2658
84100 2.9130 0.0001 7.00 84100 0.2661
84200 2.9710 0.0001 7.00 84200 0.2664
84300 3.1010 0.0001 7.00 84300 0.2667
84400 2.9700 0.0001 7.00 84400 0.2671
84500 2.9540 0.0001 7.00 84500 0.2674
84600 2.9610 0.0001 7.00 84600 0.2677
84700 3.1290 0.0001 7.00 84700 0.2680
84800 2.9150 0.0001 7.00 84800 0.2683
84900 2.9440 0.0001 7.00 84900 0.2686
85000 3.0860 0.0001 7.00 85000 0.2689
85100 2.9990 0.0001 7.00 85100 0.2693
85200 2.9570 0.0001 7.00 85200 0.2696
85300 2.9910 0.0001 7.00 85300 0.2699
85400 3.1440 0.0001 7.00 85400 0.2702
85500 2.9860 0.0001 7.00 85500 0.2705
85600 2.9980 0.0001 7.00 85600 0.2708
85700 3.0140 0.0001 7.00 85700 0.2711
85800 3.0550 0.0001 7.00 85800 0.2715
85900 2.9360 0.0001 7.00 85900 0.2718
86000 2.8990 0.0001 7.00 86000 0.2721
86100 3.0280 0.0001 7.00 86100 0.2724
86200 2.8870 0.0001 7.00 86200 0.2727
86300 2.9070 0.0001 7.00 86300 0.2730
86400 2.9270 0.0001 7.00 86400 0.2733
86500 3.0050 0.0001 7.00 86500 0.2737
86600 2.9200 0.0001 7.00 86600 0.2740
86700 2.9200 0.0001 7.00 86700 0.2743
86800 3.0390 0.0001 7.00 86800 0.2746
86900 2.9120 0.0001 7.00 86900 0.2749
87000 2.9760 0.0001 7.00 87000 0.2752
87100 2.9240 0.0001 7.00 87100 0.2756
87200 2.9340 0.0001 7.00 87200 0.2759
87300 2.6330 0.0001 7.00 87300 0.2762
87400 2.5210 0.0001 7.00 87400 0.2765
87500 2.4970 0.0001 7.00 87500 0.2768
87600 2.2360 0.0001 7.00 87600 0.2771
87700 2.1260 0.0001 7.00 87700 0.2774
87800 2.0750 0.0001 7.00 87800 0.2778
87900 2.1140 0.0001 7.00 87900 0.2781
88000 1.8790 0.0001 7.00 88000 0.2784
88100 1.9160 0.0001 7.00 88100 0.2787
88200 2.0160 0.0001 7.00 88200 0.2790
88300 2.0720 0.0001 7.00 88300 0.2793
88400 2.0270 0.0001 7.00 88400 0.2796
88500 2.0190 0.0001 7.00 88500 0.2800
88600 2.2150 0.0001 7.00 88600 0.2803
88700 2.1750 0.0001 7.00 88700 0.2806
88800 2.1350 0.0001 7.00 88800 0.2809
88900 2.2380 0.0001 7.00 88900 0.2812
89000 2.3660 0.0001 7.00 89000 0.2815
89100 2.1890 0.0001 7.00 89100 0.2818
89200 2.2670 0.0001 7.00 89200 0.2822
89300 2.4520 0.0001 7.00 89300 0.2825
89400 2.3800 0.0001 7.00 89400 0.2828
89500 2.4810 0.0001 7.00 89500 0.2831
89600 2.4840 0.0001 7.00 89600 0.2834
89700 2.6740 0.0001 7.00 89700 0.2837
89800 2.5720 0.0001 7.00 89800 0.2841
89900 2.4870 0.0001 7.00 89900 0.2844
90000 2.5400 0.0001 7.00 90000 0.2847
90100 2.6440 0.0001 7.00 90100 0.2850
90200 2.5270 0.0001 7.00 90200 0.2853
90300 2.5630 0.0001 7.00 90300 0.2856
90400 2.6740 0.0001 7.00 90400 0.2859
90500 2.6290 0.0001 7.00 90500 0.2863
90600 2.6850 0.0001 7.00 90600 0.2866
90700 2.6110 0.0001 7.00 90700 0.2869
90800 2.6940 0.0001 7.00 90800 0.2872
90900 2.5600 0.0001 7.00 90900 0.2875
91000 2.6430 0.0001 7.00 91000 0.2878
91100 2.7260 0.0001 7.00 91100 0.2881
91200 2.5870 0.0001 7.00 91200 0.2885
91300 2.5510 0.0001 7.00 91300 0.2888
91400 2.5260 0.0001 7.00 91400 0.2891
91500 2.5730 0.0001 7.00 91500 0.2894
91600 2.4010 0.0001 7.00 91600 0.2897
91700 2.5090 0.0001 7.00 91700 0.2900
91800 2.5930 0.0001 7.00 91800 0.2903
91900 2.6830 0.0001 7.00 91900 0.2907
92000 2.6190 0.0001 7.00 92000 0.2910
92100 2.6390 0.0001 7.00 92100 0.2913
92200 2.7880 0.0001 7.00 92200 0.2916
92300 2.6790 0.0001 7.00 92300 0.2919
92400 2.7650 0.0001 7.00 92400 0.2922
92500 2.8760 0.0001 7.00 92500 0.2925
92600 2.9530 0.0001 7.00 92600 0.2929
92700 2.7450 0.0001 7.00 92700 0.2932
92800 2.7870 0.0001 7.00 92800 0.2935
92900 2.8900 0.0001 7.00 92900 0.2938
93000 2.7310 0.0001 7.00 93000 0.2941
93100 2.7120 0.0001 7.00 93100 0.2944
93200 2.7210 0.0001 7.00 93200 0.2947
93300 2.8580 0.0001 7.00 93300 0.2950
93400 2.6600 0.0001 7.00 93400 0.2954
93500 2.6280 0.0001 7.00 93500 0.2957
93600 2.7390 0.0001 7.00 93600 0.2960
93700 2.7380 0.0001 7.00 93700 0.2963
93800 2.6980 0.0001 7.00 93800 0.2966
93900 2.6880 0.0001 7.00 93900 0.2969
94000 2.8270 0.0001 7.00 94000 0.2972
94100 2.7030 0.0001 7.00 94100 0.2976
94200 2.7600 0.0001 7.00 94200 0.2979
94300 2.7150 0.0001 7.00 94300 0.2982
94400 2.8310 0.0001 7.00 94400 0.2985
94500 2.6840 0.0001 7.00 94500 0.2988
94600 2.6600 0.0001 7.00 94600 0.2991
94700 2.7970 0.0001 7.00 94700 0.2994
94800 2.7390 0.0001 7.00 94800 0.2998
94900 2.7490 0.0001 7.00 94900 0.3001
95000 2.6830 0.0001 7.00 95000 0.3004
95100 2.8620 0.0001 7.00 95100 0.3007
95200 2.6280 0.0001 7.00 95200 0.3010
95300 2.7570 0.0001 7.00 95300 0.3013
95400 2.7620 0.0001 7.00 95400 0.3016
95500 2.7320 0.0001 7.00 95500 0.3020
95600 2.7580 0.0001 7.00 95600 0.3023
95700 2.7300 0.0001 7.00 95700 0.3026
95800 2.7930 0.0001 7.00 95800 0.3029
95900 2.7050 0.0001 7.00 95900 0.3032
96000 2.8260 0.0001 7.00 96000 0.3035
96100 2.7860 0.0001 7.00 96100 0.3038
96200 2.8600 0.0001 7.00 96200 0.3042
96300 2.7010 0.0001 7.00 96300 0.3045
96400 2.7660 0.0001 7.00 96400 0.3048
96500 2.8330 0.0001 7.00 96500 0.3051
96600 2.7170 0.0001 7.00 96600 0.3054
96700 2.7290 0.0001 7.00 96700 0.3057
96800 2.7900 0.0001 7.00 96800 0.3060
96900 2.8260 0.0001 7.00 96900 0.3064
97000 2.5870 0.0001 7.00 97000 0.3067
97100 2.6200 0.0001 7.00 97100 0.3070
97200 2.6840 0.0001 7.00 97200 0.3073
97300 2.6080 0.0001 7.00 97300 0.3076
97400 2.6380 0.0001 7.00 97400 0.3079
97500 2.5710 0.0001 7.00 97500 0.3082
97600 2.5960 0.0001 7.00 97600 0.3085
97700 2.4450 0.0001 7.00 97700 0.3088
97800 2.4700 0.0001 7.00 97800 0.3092
97900 2.5680 0.0001 7.00 97900 0.3095
98000 2.6000 0.0001 7.00 98000 0.3098
98100 2.5240 0.0001 7.00 98100 0.3101
98200 2.5890 0.0001 7.00 98200 0.3104
98300 2.6180 0.0001 7.00 98300 0.3107
98400 2.5080 0.0001 7.00 98400 0.3110
98500 2.6090 0.0001 7.00 98500 0.3114
98600 2.6810 0.0001 7.00 98600 0.3117
98700 2.7860 0.0001 7.00 98700 0.3120
98800 2.5240 0.0001 7.00 98800 0.3123
98900 2.5720 0.0001 7.00 98900 0.3126
99000 2.7650 0.0001 7.00 99000 0.3129
99100 2.6010 0.0001 7.00 99100 0.3132
99200 2.5530 0.0001 7.00 99200 0.3135
99300 2.5970 0.0001 7.00 99300 0.3139
99400 2.6610 0.0001 7.00 99400 0.3142
99500 2.4380 0.0001 7.00 99500 0.3145
99600 2.4860 0.0001 7.00 99600 0.3148
99700 2.4010 0.0001 7.00 99700 0.3151
99800 2.4370 0.0001 7.00 99800 0.3154
99900 2.3600 0.0001 7.00 99900 0.3157
100000 2.3090 0.0001 7.00 100000 0.3160
