libraries loaded!
config file loaded!
app.training_policy=results/simpleds-policy.json
app.training_output=results/simpleds-output.txt
app.test_policy=results/simpleds-policy.json
configurations defined!
brain created!
Connected to server!
Initialised agent!
Running in training mode!
[steps avg.reward epsilon avg.actions dialogues time.hrs]
100 0.4103 1.0000 7.00 100 0.0001
200 0.4450 0.9990 7.00 200 0.0004
300 0.4507 0.9980 7.00 300 0.0007
400 0.4431 0.9970 7.00 400 0.0010
500 0.4487 0.9960 7.00 500 0.0014
600 0.4690 0.9950 7.00 600 0.0017
700 0.4666 0.9940 7.00 700 0.0020
800 0.4573 0.9930 7.00 800 0.0023
900 0.4497 0.9920 7.00 900 0.0026
1000 0.4456 0.9910 7.00 1000 0.0030
1100 0.4535 0.9900 7.00 1100 0.0033
1200 0.4636 0.9890 7.00 1200 0.0036
1300 0.4629 0.9880 7.00 1300 0.0039
1400 0.4774 0.9870 7.00 1400 0.0043
1500 0.4745 0.9860 7.00 1500 0.0046
1600 0.4826 0.9850 7.00 1600 0.0049
1700 0.4928 0.9840 7.00 1700 0.0052
1800 0.5032 0.9830 7.00 1800 0.0056
1900 0.5076 0.9820 7.00 1900 0.0059
2000 0.5137 0.9810 7.00 2000 0.0062
2100 0.5204 0.9800 7.00 2100 0.0065
2200 0.5140 0.9790 7.00 2200 0.0068
2300 0.5174 0.9780 7.00 2300 0.0071
2400 0.5073 0.9770 7.00 2400 0.0075
2500 0.5143 0.9760 7.00 2500 0.0078
Saved output ../../results/simpleds-output.txt
Saved policy ../../results/simpleds-policy.json
2600 0.4968 0.9750 7.00 2600 0.0081
2700 0.4933 0.9740 7.00 2700 0.0084
2800 0.4971 0.9730 7.00 2800 0.0087
2900 0.4996 0.9720 7.00 2900 0.0090
3000 0.4985 0.9710 7.00 3000 0.0093
3100 0.5015 0.9700 7.00 3100 0.0097
3200 0.5009 0.9690 7.00 3200 0.0100
3300 0.5011 0.9680 7.00 3300 0.0103
3400 0.4991 0.9670 7.00 3400 0.0106
3500 0.4986 0.9660 7.00 3500 0.0109
3600 0.4930 0.9650 7.00 3600 0.0112
3700 0.5004 0.9640 7.00 3700 0.0115
3800 0.5095 0.9630 7.00 3800 0.0118
3900 0.5150 0.9620 7.00 3900 0.0122
4000 0.5504 0.9610 7.00 4000 0.0125
4100 0.5361 0.9600 7.00 4100 0.0128
4200 0.5495 0.9590 7.00 4200 0.0131
4300 0.5550 0.9580 7.00 4300 0.0134
4400 0.5597 0.9570 7.00 4400 0.0137
4500 0.5670 0.9560 7.00 4500 0.0140
4600 0.5532 0.9550 7.00 4600 0.0143
4700 0.5348 0.9540 7.00 4700 0.0147
4800 0.5133 0.9530 7.00 4800 0.0150
4900 0.5271 0.9520 7.00 4900 0.0153
5000 0.4907 0.9510 7.00 5000 0.0156
Saved output ../../results/simpleds-output.txt
Saved policy ../../results/simpleds-policy.json
5100 0.5033 0.9500 7.00 5100 0.0159
5200 0.4903 0.9490 7.00 5200 0.0162
5300 0.4868 0.9480 7.00 5300 0.0165
5400 0.5069 0.9470 7.00 5400 0.0168
5500 0.5203 0.9460 7.00 5500 0.0172
5600 0.5369 0.9450 7.00 5600 0.0175
5700 0.5539 0.9440 7.00 5700 0.0178
5800 0.5966 0.9430 7.00 5800 0.0181
5900 0.5920 0.9420 7.00 5900 0.0184
6000 0.5978 0.9410 7.00 6000 0.0187
6100 0.5832 0.9399 7.00 6100 0.0190
6200 0.5972 0.9389 7.00 6200 0.0193
6300 0.6010 0.9379 7.00 6300 0.0196
6400 0.5802 0.9369 7.00 6400 0.0199
6500 0.5474 0.9359 7.00 6500 0.0203
6600 0.5434 0.9349 7.00 6600 0.0206
6700 0.5240 0.9339 7.00 6700 0.0209
6800 0.4923 0.9329 7.00 6800 0.0212
6900 0.4940 0.9319 7.00 6900 0.0215
7000 0.4879 0.9309 7.00 7000 0.0218
7100 0.5087 0.9299 7.00 7100 0.0221
7200 0.4754 0.9289 7.00 7200 0.0224
7300 0.4729 0.9279 7.00 7300 0.0227
7400 0.4817 0.9269 7.00 7400 0.0230
7500 0.5028 0.9259 7.00 7500 0.0234
Saved output ../../results/simpleds-output.txt
Saved policy ../../results/simpleds-policy.json
7600 0.5131 0.9249 7.00 7600 0.0237
7700 0.5132 0.9239 7.00 7700 0.0240
7800 0.5225 0.9229 7.00 7800 0.0243
7900 0.5134 0.9219 7.00 7900 0.0246
8000 0.5281 0.9209 7.00 8000 0.0249
8100 0.5143 0.9199 7.00 8100 0.0252
8200 0.5364 0.9189 7.00 8200 0.0255
8300 0.5365 0.9179 7.00 8300 0.0258
8400 0.5308 0.9169 7.00 8400 0.0261
8500 0.5231 0.9159 7.00 8500 0.0265
8600 0.5464 0.9149 7.00 8600 0.0268
8700 0.5677 0.9139 7.00 8700 0.0271
8800 0.5562 0.9129 7.00 8800 0.0274
8900 0.5533 0.9119 7.00 8900 0.0277
9000 0.5531 0.9109 7.00 9000 0.0280
9100 0.5567 0.9099 7.00 9100 0.0283
9200 0.5424 0.9089 7.00 9200 0.0287
9300 0.5413 0.9079 7.00 9300 0.0290
9400 0.5551 0.9069 7.00 9400 0.0293
9500 0.5768 0.9059 7.00 9500 0.0296
9600 0.5498 0.9049 7.00 9600 0.0299
9700 0.5348 0.9039 7.00 9700 0.0302
9800 0.5410 0.9029 7.00 9800 0.0305
9900 0.5314 0.9019 7.00 9900 0.0308
10000 0.5445 0.9009 7.00 10000 0.0311
Saved output ../../results/simpleds-output.txt
Saved policy ../../results/simpleds-policy.json
10100 0.5455 0.8999 7.00 10100 0.0315
10200 0.5640 0.8989 7.00 10200 0.0318
10300 0.5749 0.8979 7.00 10300 0.0321
10400 0.5691 0.8969 7.00 10400 0.0324
10500 0.5519 0.8959 7.00 10500 0.0327
10600 0.5522 0.8949 7.00 10600 0.0330
10700 0.5666 0.8939 7.00 10700 0.0333
10800 0.5483 0.8929 7.00 10800 0.0336
10900 0.5559 0.8919 7.00 10900 0.0339
11000 0.5436 0.8909 7.00 11000 0.0342
11100 0.5384 0.8899 7.00 11100 0.0345
11200 0.5270 0.8889 7.00 11200 0.0349
11300 0.5258 0.8879 7.00 11300 0.0352
11400 0.5167 0.8869 7.00 11400 0.0355
11500 0.5151 0.8859 7.00 11500 0.0358
11600 0.5305 0.8849 7.00 11600 0.0361
11700 0.5214 0.8839 7.00 11700 0.0364
11800 0.5219 0.8829 7.00 11800 0.0367
11900 0.5363 0.8819 7.00 11900 0.0370
12000 0.5195 0.8809 7.00 12000 0.0373
12100 0.5285 0.8799 7.00 12100 0.0376
12200 0.5305 0.8789 7.00 12200 0.0379
12300 0.5237 0.8779 7.00 12300 0.0383
12400 0.5060 0.8769 7.00 12400 0.0386
12500 0.5079 0.8759 7.00 12500 0.0389
Saved output ../../results/simpleds-output.txt
Saved policy ../../results/simpleds-policy.json
12600 0.4872 0.8749 7.00 12600 0.0392
12700 0.5147 0.8739 7.00 12700 0.0395
12800 0.5403 0.8729 7.00 12800 0.0398
12900 0.5308 0.8719 7.00 12900 0.0401
13000 0.5409 0.8709 7.00 13000 0.0404
13100 0.5393 0.8699 7.00 13100 0.0407
13200 0.5367 0.8689 7.00 13200 0.0410
13300 0.5197 0.8679 7.00 13300 0.0413
13400 0.5405 0.8669 7.00 13400 0.0417
13500 0.5321 0.8659 7.00 13500 0.0420
13600 0.5362 0.8649 7.00 13600 0.0423
13700 0.5125 0.8639 7.00 13700 0.0426
13800 0.5048 0.8629 7.00 13800 0.0429
13900 0.5064 0.8619 7.00 13900 0.0432
14000 0.5018 0.8609 7.00 14000 0.0435
14100 0.4915 0.8599 7.00 14100 0.0438
14200 0.5043 0.8589 7.00 14200 0.0441
14300 0.5150 0.8579 7.00 14300 0.0444
14400 0.5236 0.8569 7.00 14400 0.0447
14500 0.5263 0.8559 7.00 14500 0.0451
14600 0.5291 0.8549 7.00 14600 0.0454
14700 0.5324 0.8539 7.00 14700 0.0457
14800 0.5350 0.8529 7.00 14800 0.0460
14900 0.5259 0.8519 7.00 14900 0.0463
15000 0.5263 0.8509 7.00 15000 0.0466
Saved output ../../results/simpleds-output.txt
Saved policy ../../results/simpleds-policy.json
15100 0.5381 0.8499 7.00 15100 0.0469
15200 0.5322 0.8489 7.00 15200 0.0472
15300 0.5372 0.8479 7.00 15300 0.0475
15400 0.5332 0.8469 7.00 15400 0.0478
15500 0.5431 0.8459 7.00 15500 0.0481
15600 0.5284 0.8449 7.00 15600 0.0485
15700 0.5169 0.8439 7.00 15700 0.0488
15800 0.5143 0.8429 7.00 15800 0.0491
15900 0.5299 0.8419 7.00 15900 0.0494
16000 0.5400 0.8409 7.00 16000 0.0497
16100 0.5239 0.8398 7.00 16100 0.0500
16200 0.5278 0.8388 7.00 16200 0.0503
16300 0.5287 0.8378 7.00 16300 0.0506
16400 0.5109 0.8368 7.00 16400 0.0509
16500 0.4862 0.8358 7.00 16500 0.0512
16600 0.5079 0.8348 7.00 16600 0.0515
16700 0.5235 0.8338 7.00 16700 0.0519
16800 0.5175 0.8328 7.00 16800 0.0522
16900 0.5099 0.8318 7.00 16900 0.0525
17000 0.5137 0.8308 7.00 17000 0.0528
17100 0.5284 0.8298 7.00 17100 0.0531
17200 0.5220 0.8288 7.00 17200 0.0534
17300 0.5246 0.8278 7.00 17300 0.0537
17400 0.5198 0.8268 7.00 17400 0.0540
17500 0.5474 0.8258 7.00 17500 0.0543
Saved output ../../results/simpleds-output.txt
Saved policy ../../results/simpleds-policy.json
17600 0.5383 0.8248 7.00 17600 0.0546
17700 0.5223 0.8238 7.00 17700 0.0549
17800 0.5180 0.8228 7.00 17800 0.0552
17900 0.5238 0.8218 7.00 17900 0.0555
18000 0.5197 0.8208 7.00 18000 0.0558
18100 0.5096 0.8198 7.00 18100 0.0562
18200 0.5356 0.8188 7.00 18200 0.0565
18300 0.5109 0.8178 7.00 18300 0.0568
18400 0.5391 0.8168 7.00 18400 0.0571
18500 0.5246 0.8158 7.00 18500 0.0574
18600 0.5290 0.8148 7.00 18600 0.0577
18700 0.5471 0.8138 7.00 18700 0.0580
18800 0.5723 0.8128 7.00 18800 0.0583
18900 0.5608 0.8118 7.00 18900 0.0586
19000 0.5562 0.8108 7.00 19000 0.0589
19100 0.5579 0.8098 7.00 19100 0.0592
19200 0.5362 0.8088 7.00 19200 0.0595
19300 0.5621 0.8078 7.00 19300 0.0598
19400 0.5619 0.8068 7.00 19400 0.0601
19500 0.5690 0.8058 7.00 19500 0.0604
19600 0.5611 0.8048 7.00 19600 0.0608
19700 0.5576 0.8038 7.00 19700 0.0611
19800 0.5361 0.8028 7.00 19800 0.0614
19900 0.5618 0.8018 7.00 19900 0.0617
20000 0.5583 0.8008 7.00 20000 0.0620
Saved output ../../results/simpleds-output.txt
Saved policy ../../results/simpleds-policy.json
20100 0.5727 0.7998 7.00 20100 0.0623
20200 0.5682 0.7988 7.00 20200 0.0626
20300 0.5562 0.7978 7.00 20300 0.0629
20400 0.5464 0.7968 7.00 20400 0.0632
20500 0.5410 0.7958 7.00 20500 0.0635
20600 0.5658 0.7948 7.00 20600 0.0638
20700 0.5513 0.7938 7.00 20700 0.0641
20800 0.5677 0.7928 7.00 20800 0.0644
20900 0.5395 0.7918 7.00 20900 0.0648
21000 0.5400 0.7908 7.00 21000 0.0651
21100 0.5283 0.7898 7.00 21100 0.0654
21200 0.5289 0.7888 7.00 21200 0.0657
21300 0.5359 0.7878 7.00 21300 0.0660
21400 0.5283 0.7868 7.00 21400 0.0663
21500 0.5313 0.7858 7.00 21500 0.0666
21600 0.5163 0.7848 7.00 21600 0.0669
21700 0.5143 0.7838 7.00 21700 0.0672
21800 0.5235 0.7828 7.00 21800 0.0675
21900 0.5236 0.7818 7.00 21900 0.0678
22000 0.5114 0.7808 7.00 22000 0.0681
22100 0.5164 0.7798 7.00 22100 0.0684
22200 0.5083 0.7788 7.00 22200 0.0688
22300 0.5142 0.7778 7.00 22300 0.0691
22400 0.5408 0.7768 7.00 22400 0.0694
22500 0.5388 0.7758 7.00 22500 0.0697
Saved output ../../results/simpleds-output.txt
Saved policy ../../results/simpleds-policy.json
22600 0.5599 0.7748 7.00 22600 0.0700
22700 0.5725 0.7738 7.00 22700 0.0703
22800 0.5385 0.7728 7.00 22800 0.0706
22900 0.5437 0.7718 7.00 22900 0.0709
23000 0.5594 0.7708 7.00 23000 0.0712
23100 0.5445 0.7698 7.00 23100 0.0715
23200 0.5501 0.7688 7.00 23200 0.0718
23300 0.5451 0.7678 7.00 23300 0.0721
23400 0.5345 0.7668 7.00 23400 0.0724
23500 0.5340 0.7658 7.00 23500 0.0728
23600 0.5120 0.7648 7.00 23600 0.0731
23700 0.5010 0.7638 7.00 23700 0.0734
23800 0.5239 0.7628 7.00 23800 0.0737
23900 0.5194 0.7618 7.00 23900 0.0740
24000 0.5211 0.7608 7.00 24000 0.0743
24100 0.5279 0.7598 7.00 24100 0.0746
24200 0.5414 0.7588 7.00 24200 0.0749
24300 0.5309 0.7578 7.00 24300 0.0752
24400 0.5243 0.7568 7.00 24400 0.0755
24500 0.5281 0.7558 7.00 24500 0.0758
24600 0.5200 0.7548 7.00 24600 0.0762
24700 0.5257 0.7538 7.00 24700 0.0765
24800 0.5061 0.7528 7.00 24800 0.0768
24900 0.4977 0.7518 7.00 24900 0.0771
25000 0.4878 0.7508 7.00 25000 0.0774
Saved output ../../results/simpleds-output.txt
Saved policy ../../results/simpleds-policy.json
25100 0.4893 0.7498 7.00 25100 0.0777
25200 0.4830 0.7488 7.00 25200 0.0780
25300 0.4896 0.7478 7.00 25300 0.0783
25400 0.4871 0.7468 7.00 25400 0.0786
25500 0.4921 0.7458 7.00 25500 0.0789
25600 0.5019 0.7448 7.00 25600 0.0792
25700 0.5065 0.7438 7.00 25700 0.0795
25800 0.5318 0.7428 7.00 25800 0.0799
25900 0.5507 0.7418 7.00 25900 0.0802
26000 0.5524 0.7408 7.00 26000 0.0805
26100 0.5688 0.7397 7.00 26100 0.0808
26200 0.5762 0.7387 7.00 26200 0.0811
26300 0.5812 0.7377 7.00 26300 0.0814
26400 0.5763 0.7367 7.00 26400 0.0817
26500 0.5666 0.7357 7.00 26500 0.0820
26600 0.5804 0.7347 7.00 26600 0.0823
26700 0.5756 0.7337 7.00 26700 0.0826
26800 0.5652 0.7327 7.00 26800 0.0829
26900 0.5800 0.7317 7.00 26900 0.0833
27000 0.6044 0.7307 7.00 27000 0.0836
27100 0.6038 0.7297 7.00 27100 0.0839
27200 0.6011 0.7287 7.00 27200 0.0842
27300 0.5933 0.7277 7.00 27300 0.0845
27400 0.5850 0.7267 7.00 27400 0.0848
27500 0.5860 0.7257 7.00 27500 0.0851
Saved output ../../results/simpleds-output.txt
Saved policy ../../results/simpleds-policy.json
27600 0.5744 0.7247 7.00 27600 0.0854
27700 0.5921 0.7237 7.00 27700 0.0857
27800 0.5845 0.7227 7.00 27800 0.0860
27900 0.5657 0.7217 7.00 27900 0.0863
28000 0.5447 0.7207 7.00 28000 0.0866
28100 0.5489 0.7197 7.00 28100 0.0869
28200 0.5284 0.7187 7.00 28200 0.0873
28300 0.5687 0.7177 7.00 28300 0.0876
28400 0.5929 0.7167 7.00 28400 0.0879
28500 0.5911 0.7157 7.00 28500 0.0882
28600 0.6005 0.7147 7.00 28600 0.0885
28700 0.5773 0.7137 7.00 28700 0.0888
28800 0.5945 0.7127 7.00 28800 0.0891
28900 0.5909 0.7117 7.00 28900 0.0894
29000 0.5782 0.7107 7.00 29000 0.0897
29100 0.5805 0.7097 7.00 29100 0.0900
29200 0.5917 0.7087 7.00 29200 0.0903
29300 0.5626 0.7077 7.00 29300 0.0906
29400 0.5539 0.7067 7.00 29400 0.0909
29500 0.5773 0.7057 7.00 29500 0.0913
29600 0.5914 0.7047 7.00 29600 0.0916
29700 0.6024 0.7037 7.00 29700 0.0919
29800 0.5743 0.7027 7.00 29800 0.0922
29900 0.5799 0.7017 7.00 29900 0.0925
30000 0.5997 0.7007 7.00 30000 0.0928
Saved output ../../results/simpleds-output.txt
Saved policy ../../results/simpleds-policy.json
30100 0.5876 0.6997 7.00 30100 0.0931
30200 0.5849 0.6987 7.00 30200 0.0934
30300 0.5738 0.6977 7.00 30300 0.0937
30400 0.5822 0.6967 7.00 30400 0.0940
30500 0.5680 0.6957 7.00 30500 0.0943
30600 0.5503 0.6947 7.00 30600 0.0946
30700 0.5389 0.6937 7.00 30700 0.0950
30800 0.5513 0.6927 7.00 30800 0.0953
30900 0.5600 0.6917 7.00 30900 0.0956
31000 0.5571 0.6907 7.00 31000 0.0959
31100 0.5604 0.6897 7.00 31100 0.0962
31200 0.5532 0.6887 7.00 31200 0.0965
31300 0.5729 0.6877 7.00 31300 0.0968
31400 0.5711 0.6867 7.00 31400 0.0971
31500 0.5638 0.6857 7.00 31500 0.0974
31600 0.5620 0.6847 7.00 31600 0.0977
31700 0.5707 0.6837 7.00 31700 0.0980
31800 0.5585 0.6827 7.00 31800 0.0983
31900 0.5443 0.6817 7.00 31900 0.0986
32000 0.5309 0.6807 7.00 32000 0.0990
32100 0.5168 0.6797 7.00 32100 0.0993
32200 0.5211 0.6787 7.00 32200 0.0996
32300 0.5033 0.6777 7.00 32300 0.0999
32400 0.4940 0.6767 7.00 32400 0.1002
32500 0.4917 0.6757 7.00 32500 0.1005
Saved output ../../results/simpleds-output.txt
Saved policy ../../results/simpleds-policy.json
32600 0.4874 0.6747 7.00 32600 0.1008
32700 0.5019 0.6737 7.00 32700 0.1011
32800 0.5482 0.6727 7.00 32800 0.1014
32900 0.5695 0.6717 7.00 32900 0.1017
33000 0.5823 0.6707 7.00 33000 0.1020
33100 0.5976 0.6697 7.00 33100 0.1023
33200 0.6162 0.6687 7.00 33200 0.1026
33300 0.6162 0.6677 7.00 33300 0.1029
33400 0.6275 0.6667 7.00 33400 0.1033
33500 0.6325 0.6657 7.00 33500 0.1036
33600 0.6249 0.6647 7.00 33600 0.1039
33700 0.6368 0.6637 7.00 33700 0.1042
33800 0.6245 0.6627 7.00 33800 0.1045
33900 0.6110 0.6617 7.00 33900 0.1048
34000 0.5963 0.6607 7.00 34000 0.1051
34100 0.5865 0.6597 7.00 34100 0.1054
34200 0.5948 0.6587 7.00 34200 0.1057
34300 0.6017 0.6577 7.00 34300 0.1060
34400 0.5943 0.6567 7.00 34400 0.1063
34500 0.5924 0.6557 7.00 34500 0.1066
34600 0.6131 0.6547 7.00 34600 0.1069
34700 0.6002 0.6537 7.00 34700 0.1073
34800 0.5837 0.6527 7.00 34800 0.1076
34900 0.5966 0.6517 7.00 34900 0.1079
35000 0.6066 0.6507 7.00 35000 0.1082
Saved output ../../results/simpleds-output.txt
Saved policy ../../results/simpleds-policy.json
35100 0.6200 0.6497 7.00 35100 0.1085
35200 0.5835 0.6487 7.00 35200 0.1088
35300 0.5920 0.6477 7.00 35300 0.1091
35400 0.6048 0.6467 7.00 35400 0.1094
35500 0.6076 0.6457 7.00 35500 0.1097
35600 0.5895 0.6447 7.00 35600 0.1100
35700 0.5803 0.6437 7.00 35700 0.1103
35800 0.5677 0.6427 7.00 35800 0.1106
35900 0.5734 0.6417 7.00 35900 0.1109
36000 0.5837 0.6407 7.00 36000 0.1113
36100 0.5752 0.6396 7.00 36100 0.1116
36200 0.5957 0.6386 7.00 36200 0.1119
36300 0.5860 0.6376 7.00 36300 0.1122
36400 0.5800 0.6366 7.00 36400 0.1125
36500 0.5884 0.6356 7.00 36500 0.1128
36600 0.5854 0.6346 7.00 36600 0.1131
36700 0.5812 0.6336 7.00 36700 0.1134
36800 0.5913 0.6326 7.00 36800 0.1137
36900 0.5856 0.6316 7.00 36900 0.1141
37000 0.5783 0.6306 7.00 37000 0.1144
37100 0.5665 0.6296 7.00 37100 0.1147
37200 0.5689 0.6286 7.00 37200 0.1150
37300 0.5776 0.6276 7.00 37300 0.1153
37400 0.5979 0.6266 7.00 37400 0.1156
37500 0.5940 0.6256 7.00 37500 0.1159
Saved output ../../results/simpleds-output.txt
Saved policy ../../results/simpleds-policy.json
37600 0.6105 0.6246 7.00 37600 0.1162
37700 0.6202 0.6236 7.00 37700 0.1165
37800 0.6071 0.6226 7.00 37800 0.1169
37900 0.5855 0.6216 7.00 37900 0.1172
38000 0.5772 0.6206 7.00 38000 0.1175
38100 0.5954 0.6196 7.00 38100 0.1178
38200 0.5899 0.6186 7.00 38200 0.1181
38300 0.5787 0.6176 7.00 38300 0.1184
38400 0.5569 0.6166 7.00 38400 0.1187
38500 0.5433 0.6156 7.00 38500 0.1190
38600 0.5261 0.6146 7.00 38600 0.1193
38700 0.5330 0.6136 7.00 38700 0.1197
38800 0.5534 0.6126 7.00 38800 0.1200
38900 0.5572 0.6116 7.00 38900 0.1203
39000 0.5790 0.6106 7.00 39000 0.1206
39100 0.5735 0.6096 7.00 39100 0.1209
39200 0.5649 0.6086 7.00 39200 0.1212
39300 0.5595 0.6076 7.00 39300 0.1215
39400 0.5602 0.6066 7.00 39400 0.1218
39500 0.5588 0.6056 7.00 39500 0.1221
39600 0.5633 0.6046 7.00 39600 0.1224
39700 0.5623 0.6036 7.00 39700 0.1228
39800 0.5559 0.6026 7.00 39800 0.1231
39900 0.5753 0.6016 7.00 39900 0.1234
40000 0.5490 0.6006 7.00 40000 0.1237
Saved output ../../results/simpleds-output.txt
Saved policy ../../results/simpleds-policy.json
40100 0.5518 0.5996 7.00 40100 0.1240
40200 0.5530 0.5986 7.00 40200 0.1243
40300 0.5646 0.5976 7.00 40300 0.1246
40400 0.5732 0.5966 7.00 40400 0.1249
40500 0.5789 0.5956 7.00 40500 0.1252
40600 0.5805 0.5946 7.00 40600 0.1256
40700 0.5653 0.5936 7.00 40700 0.1259
40800 0.5764 0.5926 7.00 40800 0.1262
40900 0.5858 0.5916 7.00 40900 0.1265
41000 0.6204 0.5906 7.00 41000 0.1268
41100 0.6241 0.5896 7.00 41100 0.1271
41200 0.6399 0.5886 7.00 41200 0.1274
41300 0.6435 0.5876 7.00 41300 0.1277
41400 0.6362 0.5866 7.00 41400 0.1280
41500 0.6207 0.5856 7.00 41500 0.1283
41600 0.6124 0.5846 7.00 41600 0.1287
41700 0.6126 0.5836 7.00 41700 0.1290
41800 0.6186 0.5826 7.00 41800 0.1293
41900 0.6075 0.5816 7.00 41900 0.1296
42000 0.5918 0.5806 7.00 42000 0.1299
42100 0.5864 0.5796 7.00 42100 0.1302
42200 0.5782 0.5786 7.00 42200 0.1305
42300 0.5678 0.5776 7.00 42300 0.1308
42400 0.5497 0.5766 7.00 42400 0.1311
42500 0.5590 0.5756 7.00 42500 0.1314
Saved output ../../results/simpleds-output.txt
Saved policy ../../results/simpleds-policy.json
42600 0.5664 0.5746 7.00 42600 0.1317
42700 0.5730 0.5736 7.00 42700 0.1321
42800 0.5625 0.5726 7.00 42800 0.1324
42900 0.5668 0.5716 7.00 42900 0.1327
43000 0.5509 0.5706 7.00 43000 0.1330
43100 0.5444 0.5696 7.00 43100 0.1333
43200 0.5719 0.5686 7.00 43200 0.1336
43300 0.5813 0.5676 7.00 43300 0.1339
43400 0.5945 0.5666 7.00 43400 0.1342
43500 0.6051 0.5656 7.00 43500 0.1345
43600 0.6092 0.5646 7.00 43600 0.1348
43700 0.5963 0.5636 7.00 43700 0.1352
43800 0.5828 0.5626 7.00 43800 0.1355
43900 0.5616 0.5616 7.00 43900 0.1358
44000 0.5695 0.5606 7.00 44000 0.1361
44100 0.5734 0.5596 7.00 44100 0.1364
44200 0.5414 0.5586 7.00 44200 0.1367
44300 0.5450 0.5576 7.00 44300 0.1370
44400 0.5347 0.5566 7.00 44400 0.1373
44500 0.5350 0.5556 7.00 44500 0.1376
44600 0.5533 0.5546 7.00 44600 0.1379
44700 0.5636 0.5536 7.00 44700 0.1382
44800 0.5685 0.5526 7.00 44800 0.1386
44900 0.5752 0.5516 7.00 44900 0.1389
45000 0.5909 0.5506 7.00 45000 0.1392
Saved output ../../results/simpleds-output.txt
Saved policy ../../results/simpleds-policy.json
45100 0.5885 0.5496 7.00 45100 0.1395
45200 0.5871 0.5486 7.00 45200 0.1398
45300 0.5923 0.5476 7.00 45300 0.1401
45400 0.5929 0.5466 7.00 45400 0.1404
45500 0.5858 0.5456 7.00 45500 0.1407
45600 0.5711 0.5446 7.00 45600 0.1410
45700 0.5827 0.5436 7.00 45700 0.1413
45800 0.5902 0.5426 7.00 45800 0.1417
45900 0.5957 0.5416 7.00 45900 0.1420
46000 0.5809 0.5406 7.00 46000 0.1423
46100 0.5653 0.5395 7.00 46100 0.1426
46200 0.5643 0.5385 7.00 46200 0.1429
46300 0.5676 0.5375 7.00 46300 0.1432
46400 0.5867 0.5365 7.00 46400 0.1435
46500 0.5944 0.5355 7.00 46500 0.1438
46600 0.5966 0.5345 7.00 46600 0.1441
46700 0.5827 0.5335 7.00 46700 0.1445
46800 0.5767 0.5325 7.00 46800 0.1448
46900 0.5558 0.5315 7.00 46900 0.1451
47000 0.5629 0.5305 7.00 47000 0.1454
47100 0.5940 0.5295 7.00 47100 0.1457
47200 0.6161 0.5285 7.00 47200 0.1460
47300 0.5879 0.5275 7.00 47300 0.1463
47400 0.5679 0.5265 7.00 47400 0.1466
47500 0.5914 0.5255 7.00 47500 0.1469
Saved output ../../results/simpleds-output.txt
Saved policy ../../results/simpleds-policy.json
47600 0.5843 0.5245 7.00 47600 0.1473
47700 0.6034 0.5235 7.00 47700 0.1476
47800 0.6311 0.5225 7.00 47800 0.1479
47900 0.6345 0.5215 7.00 47900 0.1482
48000 0.6439 0.5205 7.00 48000 0.1485
48100 0.6174 0.5195 7.00 48100 0.1488
48200 0.6099 0.5185 7.00 48200 0.1491
48300 0.6221 0.5175 7.00 48300 0.1494
48400 0.6476 0.5165 7.00 48400 0.1497
48500 0.6196 0.5155 7.00 48500 0.1500
48600 0.5972 0.5145 7.00 48600 0.1504
48700 0.5571 0.5135 7.00 48700 0.1507
48800 0.5246 0.5125 7.00 48800 0.1510
48900 0.5592 0.5115 7.00 48900 0.1513
49000 0.5312 0.5105 7.00 49000 0.1516
49100 0.5454 0.5095 7.00 49100 0.1519
49200 0.5319 0.5085 7.00 49200 0.1522
49300 0.5220 0.5075 7.00 49300 0.1525
49400 0.5066 0.5065 7.00 49400 0.1529
49500 0.5528 0.5055 7.00 49500 0.1532
49600 0.5783 0.5045 7.00 49600 0.1535
49700 0.5885 0.5035 7.00 49700 0.1538
49800 0.6073 0.5025 7.00 49800 0.1541
49900 0.5915 0.5015 7.00 49900 0.1544
50000 0.6018 0.5005 7.00 50000 0.1547
Saved output ../../results/simpleds-output.txt
Saved policy ../../results/simpleds-policy.json
50100 0.6016 0.4995 7.00 50100 0.1550
50200 0.6323 0.4985 7.00 50200 0.1553
50300 0.6460 0.4975 7.00 50300 0.1556
50400 0.6435 0.4965 7.00 50400 0.1560
50500 0.6117 0.4955 7.00 50500 0.1563
50600 0.6485 0.4945 7.00 50600 0.1566
50700 0.6816 0.4935 7.00 50700 0.1569
50800 0.6667 0.4925 7.00 50800 0.1572
50900 0.6573 0.4915 7.00 50900 0.1575
51000 0.6776 0.4905 7.00 51000 0.1578
51100 0.6722 0.4895 7.00 51100 0.1581
51200 0.6355 0.4885 7.00 51200 0.1584
51300 0.6168 0.4875 7.00 51300 0.1588
51400 0.6283 0.4865 7.00 51400 0.1591
51500 0.6290 0.4855 7.00 51500 0.1594
51600 0.6005 0.4845 7.00 51600 0.1597
51700 0.5915 0.4835 7.00 51700 0.1600
51800 0.6090 0.4825 7.00 51800 0.1603
51900 0.6030 0.4815 7.00 51900 0.1606
52000 0.5856 0.4805 7.00 52000 0.1609
52100 0.6048 0.4795 7.00 52100 0.1612
52200 0.6183 0.4785 7.00 52200 0.1616
52300 0.6586 0.4775 7.00 52300 0.1619
52400 0.6490 0.4765 7.00 52400 0.1622
52500 0.6508 0.4755 7.00 52500 0.1625
Saved output ../../results/simpleds-output.txt
Saved policy ../../results/simpleds-policy.json
52600 0.6638 0.4745 7.00 52600 0.1628
52700 0.6635 0.4735 7.00 52700 0.1631
52800 0.6415 0.4725 7.00 52800 0.1634
52900 0.6654 0.4715 7.00 52900 0.1637
53000 0.6712 0.4705 7.00 53000 0.1641
53100 0.6658 0.4695 7.00 53100 0.1644
53200 0.6811 0.4685 7.00 53200 0.1647
53300 0.6630 0.4675 7.00 53300 0.1650
53400 0.6444 0.4665 7.00 53400 0.1653
53500 0.6375 0.4655 7.00 53500 0.1656
53600 0.6087 0.4645 7.00 53600 0.1659
53700 0.5924 0.4635 7.00 53700 0.1662
53800 0.6180 0.4625 7.00 53800 0.1665
53900 0.6124 0.4615 7.00 53900 0.1669
54000 0.6043 0.4605 7.00 54000 0.1672
54100 0.6108 0.4595 7.00 54100 0.1675
54200 0.6232 0.4585 7.00 54200 0.1678
54300 0.6199 0.4575 7.00 54300 0.1681
54400 0.6446 0.4565 7.00 54400 0.1684
54500 0.6520 0.4555 7.00 54500 0.1687
54600 0.6634 0.4545 7.00 54600 0.1690
54700 0.6740 0.4535 7.00 54700 0.1693
54800 0.6481 0.4525 7.00 54800 0.1696
54900 0.6458 0.4515 7.00 54900 0.1700
55000 0.6700 0.4505 7.00 55000 0.1703
Saved output ../../results/simpleds-output.txt
Saved policy ../../results/simpleds-policy.json
55100 0.6558 0.4495 7.00 55100 0.1706
55200 0.6449 0.4485 7.00 55200 0.1709
55300 0.6695 0.4475 7.00 55300 0.1712
55400 0.6834 0.4465 7.00 55400 0.1715
55500 0.6548 0.4455 7.00 55500 0.1718
55600 0.6505 0.4445 7.00 55600 0.1721
55700 0.6472 0.4435 7.00 55700 0.1724
55800 0.6680 0.4425 7.00 55800 0.1727
55900 0.6659 0.4415 7.00 55900 0.1730
56000 0.6673 0.4405 7.00 56000 0.1734
56100 0.6747 0.4394 7.00 56100 0.1737
56200 0.6689 0.4384 7.00 56200 0.1740
56300 0.6453 0.4374 7.00 56300 0.1743
56400 0.6525 0.4364 7.00 56400 0.1746
56500 0.6676 0.4354 7.00 56500 0.1749
56600 0.6855 0.4344 7.00 56600 0.1752
56700 0.6875 0.4334 7.00 56700 0.1755
56800 0.6810 0.4324 7.00 56800 0.1758
56900 0.6633 0.4314 7.00 56900 0.1761
57000 0.6756 0.4304 7.00 57000 0.1764
57100 0.6668 0.4294 7.00 57100 0.1768
57200 0.6538 0.4284 7.00 57200 0.1771
57300 0.6604 0.4274 7.00 57300 0.1774
57400 0.6375 0.4264 7.00 57400 0.1777
57500 0.6465 0.4254 7.00 57500 0.1780
Saved output ../../results/simpleds-output.txt
Saved policy ../../results/simpleds-policy.json
57600 0.6243 0.4244 7.00 57600 0.1783
57700 0.6055 0.4234 7.00 57700 0.1786
57800 0.6127 0.4224 7.00 57800 0.1789
57900 0.6390 0.4214 7.00 57900 0.1792
58000 0.6203 0.4204 7.00 58000 0.1795
58100 0.6320 0.4194 7.00 58100 0.1799
58200 0.6588 0.4184 7.00 58200 0.1802
58300 0.6521 0.4174 7.00 58300 0.1805
58400 0.6642 0.4164 7.00 58400 0.1808
58500 0.6741 0.4154 7.00 58500 0.1811
58600 0.6848 0.4144 7.00 58600 0.1814
58700 0.7148 0.4134 7.00 58700 0.1817
58800 0.7031 0.4124 7.00 58800 0.1820
58900 0.7019 0.4114 7.00 58900 0.1823
59000 0.7112 0.4104 7.00 59000 0.1826
59100 0.7053 0.4094 7.00 59100 0.1829
59200 0.6907 0.4084 7.00 59200 0.1833
59300 0.6868 0.4074 7.00 59300 0.1836
59400 0.6865 0.4064 7.00 59400 0.1839
59500 0.6540 0.4054 7.00 59500 0.1842
59600 0.6529 0.4044 7.00 59600 0.1845
59700 0.6548 0.4034 7.00 59700 0.1848
59800 0.6919 0.4024 7.00 59800 0.1851
59900 0.6687 0.4014 7.00 59900 0.1854
60000 0.6631 0.4004 7.00 60000 0.1857
Saved output ../../results/simpleds-output.txt
Saved policy ../../results/simpleds-policy.json
60100 0.6413 0.3994 7.00 60100 0.1860
60200 0.6208 0.3984 7.00 60200 0.1863
60300 0.6388 0.3974 7.00 60300 0.1867
60400 0.6360 0.3964 7.00 60400 0.1870
60500 0.6530 0.3954 7.00 60500 0.1873
60600 0.6557 0.3944 7.00 60600 0.1876
60700 0.6405 0.3934 7.00 60700 0.1879
60800 0.6028 0.3924 7.00 60800 0.1882
60900 0.6104 0.3914 7.00 60900 0.1885
61000 0.5876 0.3904 7.00 61000 0.1888
61100 0.6227 0.3894 7.00 61100 0.1891
61200 0.6237 0.3884 7.00 61200 0.1894
61300 0.6197 0.3874 7.00 61300 0.1897
61400 0.5888 0.3864 7.00 61400 0.1900
61500 0.5878 0.3854 7.00 61500 0.1903
61600 0.5698 0.3844 7.00 61600 0.1907
61700 0.5743 0.3834 7.00 61700 0.1910
61800 0.5928 0.3824 7.00 61800 0.1913
61900 0.5820 0.3814 7.00 61900 0.1916
62000 0.5854 0.3804 7.00 62000 0.1919
62100 0.5602 0.3794 7.00 62100 0.1922
62200 0.5787 0.3784 7.00 62200 0.1925
62300 0.5531 0.3774 7.00 62300 0.1928
62400 0.5627 0.3764 7.00 62400 0.1931
62500 0.5761 0.3754 7.00 62500 0.1934
Saved output ../../results/simpleds-output.txt
Saved policy ../../results/simpleds-policy.json
62600 0.6036 0.3744 7.00 62600 0.1938
62700 0.5958 0.3734 7.00 62700 0.1941
62800 0.5824 0.3724 7.00 62800 0.1944
62900 0.5954 0.3714 7.00 62900 0.1947
63000 0.5901 0.3704 7.00 63000 0.1950
63100 0.5944 0.3694 7.00 63100 0.1953
63200 0.5805 0.3684 7.00 63200 0.1956
63300 0.5942 0.3674 7.00 63300 0.1959
63400 0.6160 0.3664 7.00 63400 0.1963
63500 0.6030 0.3654 7.00 63500 0.1966
63600 0.6079 0.3644 7.00 63600 0.1969
63700 0.6031 0.3634 7.00 63700 0.1972
63800 0.5959 0.3624 7.00 63800 0.1975
63900 0.5872 0.3614 7.00 63900 0.1978
64000 0.5956 0.3604 7.00 64000 0.1981
64100 0.6160 0.3594 7.00 64100 0.1985
64200 0.6298 0.3584 7.00 64200 0.1988
64300 0.6406 0.3574 7.00 64300 0.1991
64400 0.6274 0.3564 7.00 64400 0.1994
64500 0.6380 0.3554 7.00 64500 0.1997
64600 0.6299 0.3544 7.00 64600 0.2000
64700 0.6630 0.3534 7.00 64700 0.2003
64800 0.6606 0.3524 7.00 64800 0.2007
64900 0.6899 0.3514 7.00 64900 0.2010
65000 0.7085 0.3504 7.00 65000 0.2013
Saved output ../../results/simpleds-output.txt
Saved policy ../../results/simpleds-policy.json
65100 0.6950 0.3494 7.00 65100 0.2016
65200 0.6934 0.3484 7.00 65200 0.2019
65300 0.6961 0.3474 7.00 65300 0.2022
65400 0.7240 0.3464 7.00 65400 0.2025
65500 0.7142 0.3454 7.00 65500 0.2029
65600 0.6874 0.3444 7.00 65600 0.2032
65700 0.6719 0.3434 7.00 65700 0.2035
65800 0.6856 0.3424 7.00 65800 0.2038
65900 0.6562 0.3414 7.00 65900 0.2041
66000 0.6362 0.3404 7.00 66000 0.2044
66100 0.6463 0.3393 7.00 66100 0.2047
66200 0.6359 0.3383 7.00 66200 0.2051
66300 0.6435 0.3373 7.00 66300 0.2054
66400 0.6406 0.3363 7.00 66400 0.2057
66500 0.6563 0.3353 7.00 66500 0.2060
66600 0.6890 0.3343 7.00 66600 0.2063
66700 0.6997 0.3333 7.00 66700 0.2066
66800 0.6929 0.3323 7.00 66800 0.2069
66900 0.7120 0.3313 7.00 66900 0.2073
67000 0.7404 0.3303 7.00 67000 0.2076
67100 0.7561 0.3293 7.00 67100 0.2079
67200 0.7753 0.3283 7.00 67200 0.2082
67300 0.7562 0.3273 7.00 67300 0.2085
67400 0.7529 0.3263 7.00 67400 0.2088
67500 0.7363 0.3253 7.00 67500 0.2091
Saved output ../../results/simpleds-output.txt
Saved policy ../../results/simpleds-policy.json
67600 0.7180 0.3243 7.00 67600 0.2095
67700 0.6941 0.3233 7.00 67700 0.2098
67800 0.6963 0.3223 7.00 67800 0.2101
67900 0.7058 0.3213 7.00 67900 0.2104
68000 0.6894 0.3203 7.00 68000 0.2107
68100 0.6671 0.3193 7.00 68100 0.2110
68200 0.6510 0.3183 7.00 68200 0.2113
68300 0.6526 0.3173 7.00 68300 0.2116
68400 0.6326 0.3163 7.00 68400 0.2120
68500 0.6294 0.3153 7.00 68500 0.2123
68600 0.6157 0.3143 7.00 68600 0.2126
68700 0.6247 0.3133 7.00 68700 0.2129
68800 0.6153 0.3123 7.00 68800 0.2132
68900 0.5657 0.3113 7.00 68900 0.2135
69000 0.5672 0.3103 7.00 69000 0.2138
69100 0.5821 0.3093 7.00 69100 0.2141
69200 0.6017 0.3083 7.00 69200 0.2145
69300 0.5984 0.3073 7.00 69300 0.2148
69400 0.5986 0.3063 7.00 69400 0.2151
69500 0.5866 0.3053 7.00 69500 0.2154
69600 0.6122 0.3043 7.00 69600 0.2157
69700 0.6136 0.3033 7.00 69700 0.2160
69800 0.6022 0.3023 7.00 69800 0.2163
69900 0.6185 0.3013 7.00 69900 0.2166
70000 0.6298 0.3003 7.00 70000 0.2170
Saved output ../../results/simpleds-output.txt
Saved policy ../../results/simpleds-policy.json
70100 0.6296 0.2993 7.00 70100 0.2173
70200 0.6081 0.2983 7.00 70200 0.2176
70300 0.6166 0.2973 7.00 70300 0.2179
70400 0.6249 0.2963 7.00 70400 0.2182
70500 0.6453 0.2953 7.00 70500 0.2185
70600 0.6177 0.2943 7.00 70600 0.2188
70700 0.6439 0.2933 7.00 70700 0.2191
70800 0.6794 0.2923 7.00 70800 0.2195
70900 0.6851 0.2913 7.00 70900 0.2198
71000 0.6727 0.2903 7.00 71000 0.2201
71100 0.6579 0.2893 7.00 71100 0.2204
71200 0.6808 0.2883 7.00 71200 0.2207
71300 0.6656 0.2873 7.00 71300 0.2210
71400 0.6557 0.2863 7.00 71400 0.2213
71500 0.6702 0.2853 7.00 71500 0.2217
71600 0.7154 0.2843 7.00 71600 0.2220
71700 0.7003 0.2833 7.00 71700 0.2223
71800 0.6888 0.2823 7.00 71800 0.2226
71900 0.7065 0.2813 7.00 71900 0.2229
72000 0.7182 0.2803 7.00 72000 0.2232
72100 0.7185 0.2793 7.00 72100 0.2235
72200 0.7024 0.2783 7.00 72200 0.2238
72300 0.7140 0.2773 7.00 72300 0.2242
72400 0.7215 0.2763 7.00 72400 0.2245
72500 0.7061 0.2753 7.00 72500 0.2248
Saved output ../../results/simpleds-output.txt
Saved policy ../../results/simpleds-policy.json
72600 0.6770 0.2743 7.00 72600 0.2251
72700 0.6974 0.2733 7.00 72700 0.2254
72800 0.7377 0.2723 7.00 72800 0.2257
72900 0.7351 0.2713 7.00 72900 0.2260
73000 0.7179 0.2703 7.00 73000 0.2264
73100 0.7200 0.2693 7.00 73100 0.2267
73200 0.7389 0.2683 7.00 73200 0.2270
73300 0.7481 0.2673 7.00 73300 0.2273
73400 0.7568 0.2663 7.00 73400 0.2276
73500 0.7597 0.2653 7.00 73500 0.2279
73600 0.7699 0.2643 7.00 73600 0.2282
73700 0.7616 0.2633 7.00 73700 0.2285
73800 0.7408 0.2623 7.00 73800 0.2289
73900 0.7422 0.2613 7.00 73900 0.2292
74000 0.7616 0.2603 7.00 74000 0.2295
74100 0.7866 0.2593 7.00 74100 0.2298
74200 0.8222 0.2583 7.00 74200 0.2301
74300 0.8302 0.2573 7.00 74300 0.2304
74400 0.8280 0.2563 7.00 74400 0.2307
74500 0.8452 0.2553 7.00 74500 0.2310
74600 0.8719 0.2543 7.00 74600 0.2314
74700 0.8615 0.2533 7.00 74700 0.2317
74800 0.8493 0.2523 7.00 74800 0.2320
74900 0.8725 0.2513 7.00 74900 0.2323
75000 0.8897 0.2503 7.00 75000 0.2326
Saved output ../../results/simpleds-output.txt
Saved policy ../../results/simpleds-policy.json
75100 0.8838 0.2493 7.00 75100 0.2329
75200 0.8481 0.2483 7.00 75200 0.2332
75300 0.8534 0.2473 7.00 75300 0.2336
75400 0.8573 0.2463 7.00 75400 0.2339
75500 0.8653 0.2453 7.00 75500 0.2342
75600 0.8371 0.2443 7.00 75600 0.2345
75700 0.8278 0.2433 7.00 75700 0.2348
75800 0.8646 0.2423 7.00 75800 0.2351
75900 0.8242 0.2413 7.00 75900 0.2354
76000 0.8090 0.2403 7.00 76000 0.2358
76100 0.8310 0.2392 7.00 76100 0.2361
76200 0.8339 0.2382 7.00 76200 0.2364
76300 0.8032 0.2372 7.00 76300 0.2367
76400 0.7858 0.2362 7.00 76400 0.2370
76500 0.7772 0.2352 7.00 76500 0.2373
76600 0.7739 0.2342 7.00 76600 0.2377
76700 0.7817 0.2332 7.00 76700 0.2380
76800 0.7777 0.2322 7.00 76800 0.2383
76900 0.8116 0.2312 7.00 76900 0.2386
77000 0.7965 0.2302 7.00 77000 0.2389
77100 0.7554 0.2292 7.00 77100 0.2392
77200 0.7552 0.2282 7.00 77200 0.2395
77300 0.7746 0.2272 7.00 77300 0.2399
77400 0.7767 0.2262 7.00 77400 0.2402
77500 0.7527 0.2252 7.00 77500 0.2405
Saved output ../../results/simpleds-output.txt
Saved policy ../../results/simpleds-policy.json
77600 0.7794 0.2242 7.00 77600 0.2408
77700 0.7849 0.2232 7.00 77700 0.2411
77800 0.7343 0.2222 7.00 77800 0.2414
77900 0.6915 0.2212 7.00 77900 0.2417
78000 0.6996 0.2202 7.00 78000 0.2421
78100 0.6825 0.2192 7.00 78100 0.2424
78200 0.6847 0.2182 7.00 78200 0.2427
78300 0.6894 0.2172 7.00 78300 0.2430
78400 0.6698 0.2162 7.00 78400 0.2433
78500 0.6724 0.2152 7.00 78500 0.2436
78600 0.6674 0.2142 7.00 78600 0.2439
78700 0.6794 0.2132 7.00 78700 0.2442
78800 0.7071 0.2122 7.00 78800 0.2446
78900 0.7351 0.2112 7.00 78900 0.2449
79000 0.7243 0.2102 7.00 79000 0.2452
79100 0.7487 0.2092 7.00 79100 0.2455
79200 0.7375 0.2082 7.00 79200 0.2458
79300 0.7484 0.2072 7.00 79300 0.2461
79400 0.7884 0.2062 7.00 79400 0.2464
79500 0.7881 0.2052 7.00 79500 0.2468
79600 0.7712 0.2042 7.00 79600 0.2471
79700 0.7466 0.2032 7.00 79700 0.2474
79800 0.7521 0.2022 7.00 79800 0.2477
79900 0.7496 0.2012 7.00 79900 0.2480
80000 0.7818 0.2002 7.00 80000 0.2483
Saved output ../../results/simpleds-output.txt
Saved policy ../../results/simpleds-policy.json
80100 0.7703 0.1992 7.00 80100 0.2486
80200 0.7526 0.1982 7.00 80200 0.2490
80300 0.7677 0.1972 7.00 80300 0.2493
80400 0.7448 0.1962 7.00 80400 0.2496
80500 0.7514 0.1952 7.00 80500 0.2499
80600 0.7526 0.1942 7.00 80600 0.2502
80700 0.7380 0.1932 7.00 80700 0.2505
80800 0.7180 0.1922 7.00 80800 0.2508
80900 0.7133 0.1912 7.00 80900 0.2512
81000 0.6843 0.1902 7.00 81000 0.2515
81100 0.7104 0.1892 7.00 81100 0.2518
81200 0.7306 0.1882 7.00 81200 0.2521
81300 0.6619 0.1872 7.00 81300 0.2524
81400 0.6781 0.1862 7.00 81400 0.2527
81500 0.6944 0.1852 7.00 81500 0.2531
81600 0.7216 0.1842 7.00 81600 0.2534
81700 0.7274 0.1832 7.00 81700 0.2537
81800 0.7305 0.1822 7.00 81800 0.2540
81900 0.7446 0.1812 7.00 81900 0.2543
82000 0.7545 0.1802 7.00 82000 0.2546
82100 0.7611 0.1792 7.00 82100 0.2549
82200 0.7670 0.1782 7.00 82200 0.2553
82300 0.7909 0.1772 7.00 82300 0.2556
82400 0.7969 0.1762 7.00 82400 0.2559
82500 0.7844 0.1752 7.00 82500 0.2562
Saved output ../../results/simpleds-output.txt
Saved policy ../../results/simpleds-policy.json
82600 0.7315 0.1742 7.00 82600 0.2565
82700 0.7389 0.1732 7.00 82700 0.2568
82800 0.7377 0.1722 7.00 82800 0.2571
82900 0.7376 0.1712 7.00 82900 0.2575
83000 0.7422 0.1702 7.00 83000 0.2578
83100 0.7166 0.1692 7.00 83100 0.2581
83200 0.6807 0.1682 7.00 83200 0.2584
83300 0.6961 0.1672 7.00 83300 0.2587
83400 0.6851 0.1662 7.00 83400 0.2590
83500 0.6810 0.1652 7.00 83500 0.2593
83600 0.7309 0.1642 7.00 83600 0.2596
83700 0.7285 0.1632 7.00 83700 0.2600
83800 0.7051 0.1622 7.00 83800 0.2603
83900 0.7271 0.1612 7.00 83900 0.2606
84000 0.7267 0.1602 7.00 84000 0.2609
84100 0.7496 0.1592 7.00 84100 0.2612
84200 0.7702 0.1582 7.00 84200 0.2615
84300 0.7666 0.1572 7.00 84300 0.2619
84400 0.7617 0.1562 7.00 84400 0.2622
84500 0.7856 0.1552 7.00 84500 0.2625
84600 0.7511 0.1542 7.00 84600 0.2628
84700 0.7539 0.1532 7.00 84700 0.2631
84800 0.7852 0.1522 7.00 84800 0.2634
84900 0.7731 0.1512 7.00 84900 0.2637
85000 0.7654 0.1502 7.00 85000 0.2641
Saved output ../../results/simpleds-output.txt
Saved policy ../../results/simpleds-policy.json
85100 0.7488 0.1492 7.00 85100 0.2644
85200 0.7682 0.1482 7.00 85200 0.2647
85300 0.7515 0.1472 7.00 85300 0.2650
85400 0.7529 0.1462 7.00 85400 0.2653
85500 0.7272 0.1452 7.00 85500 0.2656
85600 0.7417 0.1442 7.00 85600 0.2659
85700 0.7461 0.1432 7.00 85700 0.2663
85800 0.7530 0.1422 7.00 85800 0.2666
85900 0.7348 0.1412 7.00 85900 0.2669
86000 0.7303 0.1402 7.00 86000 0.2672
86100 0.7424 0.1391 7.00 86100 0.2675
86200 0.7379 0.1381 7.00 86200 0.2678
86300 0.7697 0.1371 7.00 86300 0.2681
86400 0.7773 0.1361 7.00 86400 0.2685
86500 0.7931 0.1351 7.00 86500 0.2688
86600 0.7851 0.1341 7.00 86600 0.2691
86700 0.7737 0.1331 7.00 86700 0.2694
86800 0.7528 0.1321 7.00 86800 0.2697
86900 0.7978 0.1311 7.00 86900 0.2700
87000 0.7890 0.1301 7.00 87000 0.2703
87100 0.7482 0.1291 7.00 87100 0.2707
87200 0.7254 0.1281 7.00 87200 0.2710
87300 0.7277 0.1271 7.00 87300 0.2713
87400 0.7328 0.1261 7.00 87400 0.2716
87500 0.7068 0.1251 7.00 87500 0.2719
Saved output ../../results/simpleds-output.txt
Saved policy ../../results/simpleds-policy.json
87600 0.7108 0.1241 7.00 87600 0.2722
87700 0.7338 0.1231 7.00 87700 0.2725
87800 0.7220 0.1221 7.00 87800 0.2729
87900 0.6925 0.1211 7.00 87900 0.2732
88000 0.7087 0.1201 7.00 88000 0.2735
88100 0.7140 0.1191 7.00 88100 0.2738
88200 0.7333 0.1181 7.00 88200 0.2741
88300 0.7141 0.1171 7.00 88300 0.2744
88400 0.7025 0.1161 7.00 88400 0.2747
88500 0.7674 0.1151 7.00 88500 0.2751
88600 0.7771 0.1141 7.00 88600 0.2754
88700 0.7715 0.1131 7.00 88700 0.2757
88800 0.7745 0.1121 7.00 88800 0.2760
88900 0.7654 0.1111 7.00 88900 0.2763
89000 0.7410 0.1101 7.00 89000 0.2766
89100 0.7581 0.1091 7.00 89100 0.2769
89200 0.7402 0.1081 7.00 89200 0.2773
89300 0.7405 0.1071 7.00 89300 0.2776
89400 0.7364 0.1061 7.00 89400 0.2779
89500 0.7047 0.1051 7.00 89500 0.2782
89600 0.6884 0.1041 7.00 89600 0.2785
89700 0.6730 0.1031 7.00 89700 0.2788
89800 0.6816 0.1021 7.00 89800 0.2792
89900 0.6879 0.1011 7.00 89900 0.2795
90000 0.7098 0.1001 7.00 90000 0.2798
Saved output ../../results/simpleds-output.txt
Saved policy ../../results/simpleds-policy.json
90100 0.7169 0.0991 7.00 90100 0.2801
90200 0.7585 0.0981 7.00 90200 0.2804
90300 0.7604 0.0971 7.00 90300 0.2807
90400 0.7658 0.0961 7.00 90400 0.2810
90500 0.7700 0.0951 7.00 90500 0.2813
90600 0.7782 0.0941 7.00 90600 0.2816
90700 0.7892 0.0931 7.00 90700 0.2820
90800 0.8102 0.0921 7.00 90800 0.2823
90900 0.8121 0.0911 7.00 90900 0.2826
91000 0.7949 0.0901 7.00 91000 0.2829
91100 0.8057 0.0891 7.00 91100 0.2832
91200 0.7754 0.0881 7.00 91200 0.2835
91300 0.8005 0.0871 7.00 91300 0.2838
91400 0.7830 0.0861 7.00 91400 0.2842
91500 0.7892 0.0851 7.00 91500 0.2845
91600 0.7974 0.0841 7.00 91600 0.2848
91700 0.7926 0.0831 7.00 91700 0.2851
91800 0.7794 0.0821 7.00 91800 0.2854
91900 0.7540 0.0811 7.00 91900 0.2857
92000 0.7663 0.0801 7.00 92000 0.2860
92100 0.7270 0.0791 7.00 92100 0.2863
92200 0.7500 0.0781 7.00 92200 0.2867
92300 0.7457 0.0771 7.00 92300 0.2870
92400 0.7551 0.0761 7.00 92400 0.2873
92500 0.7427 0.0751 7.00 92500 0.2876
Saved output ../../results/simpleds-output.txt
Saved policy ../../results/simpleds-policy.json
92600 0.7774 0.0741 7.00 92600 0.2879
92700 0.7791 0.0731 7.00 92700 0.2882
92800 0.7779 0.0721 7.00 92800 0.2885
92900 0.8158 0.0711 7.00 92900 0.2888
93000 0.8346 0.0701 7.00 93000 0.2892
93100 0.8771 0.0691 7.00 93100 0.2895
93200 0.8603 0.0681 7.00 93200 0.2898
93300 0.8374 0.0671 7.00 93300 0.2901
93400 0.8705 0.0661 7.00 93400 0.2904
93500 0.8591 0.0651 7.00 93500 0.2907
93600 0.8278 0.0641 7.00 93600 0.2910
93700 0.8402 0.0631 7.00 93700 0.2913
93800 0.8562 0.0621 7.00 93800 0.2916
93900 0.8288 0.0611 7.00 93900 0.2919
94000 0.8319 0.0601 7.00 94000 0.2923
94100 0.8369 0.0591 7.00 94100 0.2926
94200 0.8640 0.0581 7.00 94200 0.2929
94300 0.9042 0.0571 7.00 94300 0.2932
94400 0.8965 0.0561 7.00 94400 0.2935
94500 0.8983 0.0551 7.00 94500 0.2938
94600 0.8614 0.0541 7.00 94600 0.2941
94700 0.8182 0.0531 7.00 94700 0.2944
94800 0.8017 0.0521 7.00 94800 0.2947
94900 0.7961 0.0511 7.00 94900 0.2950
95000 0.7412 0.0501 7.00 95000 0.2954
Saved output ../../results/simpleds-output.txt
Saved policy ../../results/simpleds-policy.json
95100 0.6803 0.0491 7.00 95100 0.2957
95200 0.6385 0.0481 7.00 95200 0.2960
95300 0.6058 0.0471 7.00 95300 0.2963
95400 0.6237 0.0461 7.00 95400 0.2966
95500 0.6162 0.0451 7.00 95500 0.2969
95600 0.6150 0.0441 7.00 95600 0.2972
95700 0.6217 0.0431 7.00 95700 0.2975
95800 0.6385 0.0421 7.00 95800 0.2978
95900 0.6751 0.0411 7.00 95900 0.2981
96000 0.7037 0.0401 7.00 96000 0.2985
96100 0.7402 0.0390 7.00 96100 0.2988
96200 0.7285 0.0380 7.00 96200 0.2991
96300 0.7303 0.0370 7.00 96300 0.2994
96400 0.6954 0.0360 7.00 96400 0.2997
96500 0.7213 0.0350 7.00 96500 0.3000
96600 0.7508 0.0340 7.00 96600 0.3003
96700 0.7418 0.0330 7.00 96700 0.3006
96800 0.7019 0.0320 7.00 96800 0.3009
96900 0.6457 0.0310 7.00 96900 0.3013
97000 0.6338 0.0300 7.00 97000 0.3016
97100 0.5899 0.0290 7.00 97100 0.3019
97200 0.6019 0.0280 7.00 97200 0.3022
97300 0.5957 0.0270 7.00 97300 0.3025
97400 0.5650 0.0260 7.00 97400 0.3028
97500 0.5010 0.0250 7.00 97500 0.3031
Saved output ../../results/simpleds-output.txt
Saved policy ../../results/simpleds-policy.json
97600 0.4661 0.0240 7.00 97600 0.3034
97700 0.4747 0.0230 7.00 97700 0.3037
97800 0.4659 0.0220 7.00 97800 0.3041
97900 0.5173 0.0210 7.00 97900 0.3044
98000 0.5658 0.0200 7.00 98000 0.3047
98100 0.6227 0.0190 7.00 98100 0.3050
98200 0.6413 0.0180 7.00 98200 0.3053
98300 0.6557 0.0170 7.00 98300 0.3056
98400 0.7115 0.0160 7.00 98400 0.3059
98500 0.7754 0.0150 7.00 98500 0.3062
98600 0.8026 0.0140 7.00 98600 0.3065
98700 0.8393 0.0130 7.00 98700 0.3068
98800 0.8931 0.0120 7.00 98800 0.3072
98900 0.8816 0.0110 7.00 98900 0.3075
99000 0.8647 0.0100 7.00 99000 0.3078
99100 0.8717 0.0090 7.00 99100 0.3081
99200 0.8724 0.0080 7.00 99200 0.3084
99300 0.8675 0.0070 7.00 99300 0.3087
99400 0.8562 0.0060 7.00 99400 0.3090
99500 0.8676 0.0050 7.00 99500 0.3093
99600 0.8974 0.0040 7.00 99600 0.3097
99700 0.9212 0.0030 7.00 99700 0.3100
99800 0.9146 0.0020 7.00 99800 0.3103
99900 0.9216 0.0010 7.00 99900 0.3106
100000 0.9277 0.0001 7.00 100000 0.3109
Saved output ../../results/simpleds-output.txt
Saved policy ../../results/simpleds-policy.json
Connexion closed!
